county,precinct,office,district,party,candidate,votes
Huron,"City of Bad Axe, Precinct 1",Straight Party,,DEM,Democratic,248
Huron,"City of Caseville, Precinct 1",Straight Party,,DEM,Democratic,81
Huron,"City of Harbor Beach, Precinct 1",Straight Party,,DEM,Democratic,142
Huron,"Bingham Township, Precinct 1",Straight Party,,DEM,Democratic,115
Huron,"Bloomfield Township, Precinct 1",Straight Party,,DEM,Democratic,12
Huron,"Brookfield Township, Precinct 1",Straight Party,,DEM,Democratic,28
Huron,"Caseville Township, Precinct 1",Straight Party,,DEM,Democratic,236
Huron,"Chandler Township, Precinct 1",Straight Party,,DEM,Democratic,12
Huron,"Colfax Township, Precinct 1",Straight Party,,DEM,Democratic,102
Huron,"Dwight Township, Precinct 1",Straight Party,,DEM,Democratic,54
Huron,"Fairhaven Township, Precinct 1",Straight Party,,DEM,Democratic,62
Huron,"Gore Township, Precinct 1",Straight Party,,DEM,Democratic,8
Huron,"Grant Township, Precinct 1",Straight Party,,DEM,Democratic,41
Huron,"Hume Township, Precinct 1",Straight Party,,DEM,Democratic,73
Huron,"Huron Township, Precinct 1",Straight Party,,DEM,Democratic,20
Huron,"Lake Township, Precinct 1",Straight Party,,DEM,Democratic,114
Huron,"Lincoln Township, Precinct 1",Straight Party,,DEM,Democratic,38
Huron,"McKinley Township, Precinct 1",Straight Party,,DEM,Democratic,36
Huron,"Meade Township, Precinct 1",Straight Party,,DEM,Democratic,47
Huron,"Oliver Township, Precinct 1",Straight Party,,DEM,Democratic,80
Huron,"Paris Township, Precinct 1",Straight Party,,DEM,Democratic,21
Huron,"Pointe Aux Barques Township,",Straight Party,,DEM,Democratic,4
Huron,"Port Austin Township, Precinct 1",Straight Party,,DEM,Democratic,157
Huron,"Rubicon Township, Precinct 1",Straight Party,,DEM,Democratic,58
Huron,"Sand Beach Township, Precinct 1",Straight Party,,DEM,Democratic,64
Huron,"Sebewaing Township, Precinct 1",Straight Party,,DEM,Democratic,167
Huron,"Sheridan Township, Precinct 1",Straight Party,,DEM,Democratic,34
Huron,"Sherman Township, Precinct 1",Straight Party,,DEM,Democratic,75
Huron,"Sigel Township, Precinct 1",Straight Party,,DEM,Democratic,13
Huron,"Verona Township, Precinct 1",Straight Party,,DEM,Democratic,85
Huron,"Winsor Township, Precinct 1",Straight Party,,DEM,Democratic,110
Huron,"City of Bad Axe, Precinct 1",Straight Party,,REP,Republican,366
Huron,"City of Caseville, Precinct 1",Straight Party,,REP,Republican,147
Huron,"City of Harbor Beach, Precinct 1",Straight Party,,REP,Republican,227
Huron,"Bingham Township, Precinct 1",Straight Party,,REP,Republican,231
Huron,"Bloomfield Township, Precinct 1",Straight Party,,REP,Republican,81
Huron,"Brookfield Township, Precinct 1",Straight Party,,REP,Republican,124
Huron,"Caseville Township, Precinct 1",Straight Party,,REP,Republican,357
Huron,"Chandler Township, Precinct 1",Straight Party,,REP,Republican,86
Huron,"Colfax Township, Precinct 1",Straight Party,,REP,Republican,308
Huron,"Dwight Township, Precinct 1",Straight Party,,REP,Republican,115
Huron,"Fairhaven Township, Precinct 1",Straight Party,,REP,Republican,203
Huron,"Gore Township, Precinct 1",Straight Party,,REP,Republican,32
Huron,"Grant Township, Precinct 1",Straight Party,,REP,Republican,145
Huron,"Hume Township, Precinct 1",Straight Party,,REP,Republican,156
Huron,"Huron Township, Precinct 1",Straight Party,,REP,Republican,97
Huron,"Lake Township, Precinct 1",Straight Party,,REP,Republican,160
Huron,"Lincoln Township, Precinct 1",Straight Party,,REP,Republican,124
Huron,"McKinley Township, Precinct 1",Straight Party,,REP,Republican,85
Huron,"Meade Township, Precinct 1",Straight Party,,REP,Republican,104
Huron,"Oliver Township, Precinct 1",Straight Party,,REP,Republican,200
Huron,"Paris Township, Precinct 1",Straight Party,,REP,Republican,97
Huron,"Pointe Aux Barques Township,",Straight Party,,REP,Republican,3
Huron,"Port Austin Township, Precinct 1",Straight Party,,REP,Republican,260
Huron,"Rubicon Township, Precinct 1",Straight Party,,REP,Republican,191
Huron,"Sand Beach Township, Precinct 1",Straight Party,,REP,Republican,269
Huron,"Sebewaing Township, Precinct 1",Straight Party,,REP,Republican,527
Huron,"Sheridan Township, Precinct 1",Straight Party,,REP,Republican,89
Huron,"Sherman Township, Precinct 1",Straight Party,,REP,Republican,194
Huron,"Sigel Township, Precinct 1",Straight Party,,REP,Republican,103
Huron,"Verona Township, Precinct 1",Straight Party,,REP,Republican,219
Huron,"Winsor Township, Precinct 1",Straight Party,,REP,Republican,322
Huron,"City of Bad Axe, Precinct 1",Straight Party,,LIB,Libertarian,4
Huron,"City of Caseville, Precinct 1",Straight Party,,LIB,Libertarian,0
Huron,"City of Harbor Beach, Precinct 1",Straight Party,,LIB,Libertarian,1
Huron,"Bingham Township, Precinct 1",Straight Party,,LIB,Libertarian,2
Huron,"Bloomfield Township, Precinct 1",Straight Party,,LIB,Libertarian,0
Huron,"Brookfield Township, Precinct 1",Straight Party,,LIB,Libertarian,3
Huron,"Caseville Township, Precinct 1",Straight Party,,LIB,Libertarian,8
Huron,"Chandler Township, Precinct 1",Straight Party,,LIB,Libertarian,0
Huron,"Colfax Township, Precinct 1",Straight Party,,LIB,Libertarian,3
Huron,"Dwight Township, Precinct 1",Straight Party,,LIB,Libertarian,0
Huron,"Fairhaven Township, Precinct 1",Straight Party,,LIB,Libertarian,0
Huron,"Gore Township, Precinct 1",Straight Party,,LIB,Libertarian,0
Huron,"Grant Township, Precinct 1",Straight Party,,LIB,Libertarian,2
Huron,"Hume Township, Precinct 1",Straight Party,,LIB,Libertarian,1
Huron,"Huron Township, Precinct 1",Straight Party,,LIB,Libertarian,0
Huron,"Lake Township, Precinct 1",Straight Party,,LIB,Libertarian,0
Huron,"Lincoln Township, Precinct 1",Straight Party,,LIB,Libertarian,1
Huron,"McKinley Township, Precinct 1",Straight Party,,LIB,Libertarian,2
Huron,"Meade Township, Precinct 1",Straight Party,,LIB,Libertarian,0
Huron,"Oliver Township, Precinct 1",Straight Party,,LIB,Libertarian,3
Huron,"Paris Township, Precinct 1",Straight Party,,LIB,Libertarian,1
Huron,"Pointe Aux Barques Township,",Straight Party,,LIB,Libertarian,0
Huron,"Port Austin Township, Precinct 1",Straight Party,,LIB,Libertarian,1
Huron,"Rubicon Township, Precinct 1",Straight Party,,LIB,Libertarian,0
Huron,"Sand Beach Township, Precinct 1",Straight Party,,LIB,Libertarian,3
Huron,"Sebewaing Township, Precinct 1",Straight Party,,LIB,Libertarian,5
Huron,"Sheridan Township, Precinct 1",Straight Party,,LIB,Libertarian,0
Huron,"Sherman Township, Precinct 1",Straight Party,,LIB,Libertarian,1
Huron,"Sigel Township, Precinct 1",Straight Party,,LIB,Libertarian,0
Huron,"Verona Township, Precinct 1",Straight Party,,LIB,Libertarian,1
Huron,"Winsor Township, Precinct 1",Straight Party,,LIB,Libertarian,2
Huron,"City of Bad Axe, Precinct 1",Straight Party,,UST,U.S. Taxpayers,2
Huron,"City of Caseville, Precinct 1",Straight Party,,UST,U.S. Taxpayers,2
Huron,"City of Harbor Beach, Precinct 1",Straight Party,,UST,U.S. Taxpayers,1
Huron,"Bingham Township, Precinct 1",Straight Party,,UST,U.S. Taxpayers,1
Huron,"Bloomfield Township, Precinct 1",Straight Party,,UST,U.S. Taxpayers,0
Huron,"Brookfield Township, Precinct 1",Straight Party,,UST,U.S. Taxpayers,0
Huron,"Caseville Township, Precinct 1",Straight Party,,UST,U.S. Taxpayers,1
Huron,"Chandler Township, Precinct 1",Straight Party,,UST,U.S. Taxpayers,0
Huron,"Colfax Township, Precinct 1",Straight Party,,UST,U.S. Taxpayers,3
Huron,"Dwight Township, Precinct 1",Straight Party,,UST,U.S. Taxpayers,1
Huron,"Fairhaven Township, Precinct 1",Straight Party,,UST,U.S. Taxpayers,1
Huron,"Gore Township, Precinct 1",Straight Party,,UST,U.S. Taxpayers,0
Huron,"Grant Township, Precinct 1",Straight Party,,UST,U.S. Taxpayers,1
Huron,"Hume Township, Precinct 1",Straight Party,,UST,U.S. Taxpayers,0
Huron,"Huron Township, Precinct 1",Straight Party,,UST,U.S. Taxpayers,0
Huron,"Lake Township, Precinct 1",Straight Party,,UST,U.S. Taxpayers,0
Huron,"Lincoln Township, Precinct 1",Straight Party,,UST,U.S. Taxpayers,1
Huron,"McKinley Township, Precinct 1",Straight Party,,UST,U.S. Taxpayers,0
Huron,"Meade Township, Precinct 1",Straight Party,,UST,U.S. Taxpayers,1
Huron,"Oliver Township, Precinct 1",Straight Party,,UST,U.S. Taxpayers,1
Huron,"Paris Township, Precinct 1",Straight Party,,UST,U.S. Taxpayers,0
Huron,"Pointe Aux Barques Township,",Straight Party,,UST,U.S. Taxpayers,0
Huron,"Port Austin Township, Precinct 1",Straight Party,,UST,U.S. Taxpayers,0
Huron,"Rubicon Township, Precinct 1",Straight Party,,UST,U.S. Taxpayers,0
Huron,"Sand Beach Township, Precinct 1",Straight Party,,UST,U.S. Taxpayers,0
Huron,"Sebewaing Township, Precinct 1",Straight Party,,UST,U.S. Taxpayers,1
Huron,"Sheridan Township, Precinct 1",Straight Party,,UST,U.S. Taxpayers,0
Huron,"Sherman Township, Precinct 1",Straight Party,,UST,U.S. Taxpayers,0
Huron,"Sigel Township, Precinct 1",Straight Party,,UST,U.S. Taxpayers,1
Huron,"Verona Township, Precinct 1",Straight Party,,UST,U.S. Taxpayers,0
Huron,"Winsor Township, Precinct 1",Straight Party,,UST,U.S. Taxpayers,1
Huron,"City of Bad Axe, Precinct 1",Straight Party,,WCP,Working Class,4
Huron,"City of Caseville, Precinct 1",Straight Party,,WCP,Working Class,2
Huron,"City of Harbor Beach, Precinct 1",Straight Party,,WCP,Working Class,3
Huron,"Bingham Township, Precinct 1",Straight Party,,WCP,Working Class,2
Huron,"Bloomfield Township, Precinct 1",Straight Party,,WCP,Working Class,0
Huron,"Brookfield Township, Precinct 1",Straight Party,,WCP,Working Class,1
Huron,"Caseville Township, Precinct 1",Straight Party,,WCP,Working Class,1
Huron,"Chandler Township, Precinct 1",Straight Party,,WCP,Working Class,0
Huron,"Colfax Township, Precinct 1",Straight Party,,WCP,Working Class,0
Huron,"Dwight Township, Precinct 1",Straight Party,,WCP,Working Class,3
Huron,"Fairhaven Township, Precinct 1",Straight Party,,WCP,Working Class,3
Huron,"Gore Township, Precinct 1",Straight Party,,WCP,Working Class,0
Huron,"Grant Township, Precinct 1",Straight Party,,WCP,Working Class,1
Huron,"Hume Township, Precinct 1",Straight Party,,WCP,Working Class,1
Huron,"Huron Township, Precinct 1",Straight Party,,WCP,Working Class,0
Huron,"Lake Township, Precinct 1",Straight Party,,WCP,Working Class,2
Huron,"Lincoln Township, Precinct 1",Straight Party,,WCP,Working Class,2
Huron,"McKinley Township, Precinct 1",Straight Party,,WCP,Working Class,1
Huron,"Meade Township, Precinct 1",Straight Party,,WCP,Working Class,2
Huron,"Oliver Township, Precinct 1",Straight Party,,WCP,Working Class,4
Huron,"Paris Township, Precinct 1",Straight Party,,WCP,Working Class,1
Huron,"Pointe Aux Barques Township,",Straight Party,,WCP,Working Class,0
Huron,"Port Austin Township, Precinct 1",Straight Party,,WCP,Working Class,2
Huron,"Rubicon Township, Precinct 1",Straight Party,,WCP,Working Class,1
Huron,"Sand Beach Township, Precinct 1",Straight Party,,WCP,Working Class,1
Huron,"Sebewaing Township, Precinct 1",Straight Party,,WCP,Working Class,5
Huron,"Sheridan Township, Precinct 1",Straight Party,,WCP,Working Class,1
Huron,"Sherman Township, Precinct 1",Straight Party,,WCP,Working Class,0
Huron,"Sigel Township, Precinct 1",Straight Party,,WCP,Working Class,0
Huron,"Verona Township, Precinct 1",Straight Party,,WCP,Working Class,0
Huron,"Winsor Township, Precinct 1",Straight Party,,WCP,Working Class,0
Huron,"City of Bad Axe, Precinct 1",Straight Party,,GRN,Green,3
Huron,"City of Caseville, Precinct 1",Straight Party,,GRN,Green,1
Huron,"City of Harbor Beach, Precinct 1",Straight Party,,GRN,Green,0
Huron,"Bingham Township, Precinct 1",Straight Party,,GRN,Green,0
Huron,"Bloomfield Township, Precinct 1",Straight Party,,GRN,Green,0
Huron,"Brookfield Township, Precinct 1",Straight Party,,GRN,Green,0
Huron,"Caseville Township, Precinct 1",Straight Party,,GRN,Green,1
Huron,"Chandler Township, Precinct 1",Straight Party,,GRN,Green,0
Huron,"Colfax Township, Precinct 1",Straight Party,,GRN,Green,1
Huron,"Dwight Township, Precinct 1",Straight Party,,GRN,Green,1
Huron,"Fairhaven Township, Precinct 1",Straight Party,,GRN,Green,0
Huron,"Gore Township, Precinct 1",Straight Party,,GRN,Green,0
Huron,"Grant Township, Precinct 1",Straight Party,,GRN,Green,1
Huron,"Hume Township, Precinct 1",Straight Party,,GRN,Green,0
Huron,"Huron Township, Precinct 1",Straight Party,,GRN,Green,0
Huron,"Lake Township, Precinct 1",Straight Party,,GRN,Green,0
Huron,"Lincoln Township, Precinct 1",Straight Party,,GRN,Green,0
Huron,"McKinley Township, Precinct 1",Straight Party,,GRN,Green,0
Huron,"Meade Township, Precinct 1",Straight Party,,GRN,Green,0
Huron,"Oliver Township, Precinct 1",Straight Party,,GRN,Green,1
Huron,"Paris Township, Precinct 1",Straight Party,,GRN,Green,0
Huron,"Pointe Aux Barques Township,",Straight Party,,GRN,Green,0
Huron,"Port Austin Township, Precinct 1",Straight Party,,GRN,Green,0
Huron,"Rubicon Township, Precinct 1",Straight Party,,GRN,Green,0
Huron,"Sand Beach Township, Precinct 1",Straight Party,,GRN,Green,0
Huron,"Sebewaing Township, Precinct 1",Straight Party,,GRN,Green,1
Huron,"Sheridan Township, Precinct 1",Straight Party,,GRN,Green,0
Huron,"Sherman Township, Precinct 1",Straight Party,,GRN,Green,0
Huron,"Sigel Township, Precinct 1",Straight Party,,GRN,Green,0
Huron,"Verona Township, Precinct 1",Straight Party,,GRN,Green,0
Huron,"Winsor Township, Precinct 1",Straight Party,,GRN,Green,0
Huron,"City of Bad Axe, Precinct 1",Straight Party,,NLP,Natural Law,0
Huron,"City of Caseville, Precinct 1",Straight Party,,NLP,Natural Law,1
Huron,"City of Harbor Beach, Precinct 1",Straight Party,,NLP,Natural Law,1
Huron,"Bingham Township, Precinct 1",Straight Party,,NLP,Natural Law,0
Huron,"Bloomfield Township, Precinct 1",Straight Party,,NLP,Natural Law,1
Huron,"Brookfield Township, Precinct 1",Straight Party,,NLP,Natural Law,0
Huron,"Caseville Township, Precinct 1",Straight Party,,NLP,Natural Law,0
Huron,"Chandler Township, Precinct 1",Straight Party,,NLP,Natural Law,0
Huron,"Colfax Township, Precinct 1",Straight Party,,NLP,Natural Law,1
Huron,"Dwight Township, Precinct 1",Straight Party,,NLP,Natural Law,0
Huron,"Fairhaven Township, Precinct 1",Straight Party,,NLP,Natural Law,0
Huron,"Gore Township, Precinct 1",Straight Party,,NLP,Natural Law,0
Huron,"Grant Township, Precinct 1",Straight Party,,NLP,Natural Law,1
Huron,"Hume Township, Precinct 1",Straight Party,,NLP,Natural Law,0
Huron,"Huron Township, Precinct 1",Straight Party,,NLP,Natural Law,0
Huron,"Lake Township, Precinct 1",Straight Party,,NLP,Natural Law,0
Huron,"Lincoln Township, Precinct 1",Straight Party,,NLP,Natural Law,0
Huron,"McKinley Township, Precinct 1",Straight Party,,NLP,Natural Law,0
Huron,"Meade Township, Precinct 1",Straight Party,,NLP,Natural Law,0
Huron,"Oliver Township, Precinct 1",Straight Party,,NLP,Natural Law,0
Huron,"Paris Township, Precinct 1",Straight Party,,NLP,Natural Law,0
Huron,"Pointe Aux Barques Township,",Straight Party,,NLP,Natural Law,0
Huron,"Port Austin Township, Precinct 1",Straight Party,,NLP,Natural Law,1
Huron,"Rubicon Township, Precinct 1",Straight Party,,NLP,Natural Law,0
Huron,"Sand Beach Township, Precinct 1",Straight Party,,NLP,Natural Law,0
Huron,"Sebewaing Township, Precinct 1",Straight Party,,NLP,Natural Law,2
Huron,"Sheridan Township, Precinct 1",Straight Party,,NLP,Natural Law,0
Huron,"Sherman Township, Precinct 1",Straight Party,,NLP,Natural Law,0
Huron,"Sigel Township, Precinct 1",Straight Party,,NLP,Natural Law,0
Huron,"Verona Township, Precinct 1",Straight Party,,NLP,Natural Law,0
Huron,"Winsor Township, Precinct 1",Straight Party,,NLP,Natural Law,0
Huron,"City of Bad Axe, Precinct 1",Governor,,DEM,Gretchen Whitmer,500
Huron,"City of Caseville, Precinct 1",Governor,,DEM,Gretchen Whitmer,177
Huron,"City of Harbor Beach, Precinct 1",Governor,,DEM,Gretchen Whitmer,288
Huron,"Bingham Township, Precinct 1",Governor,,DEM,Gretchen Whitmer,300
Huron,"Bloomfield Township, Precinct 1",Governor,,DEM,Gretchen Whitmer,49
Huron,"Brookfield Township, Precinct 1",Governor,,DEM,Gretchen Whitmer,77
Huron,"Caseville Township, Precinct 1",Governor,,DEM,Gretchen Whitmer,477
Huron,"Chandler Township, Precinct 1",Governor,,DEM,Gretchen Whitmer,47
Huron,"Colfax Township, Precinct 1",Governor,,DEM,Gretchen Whitmer,243
Huron,"Dwight Township, Precinct 1",Governor,,DEM,Gretchen Whitmer,116
Huron,"Fairhaven Township, Precinct 1",Governor,,DEM,Gretchen Whitmer,138
Huron,"Gore Township, Precinct 1",Governor,,DEM,Gretchen Whitmer,28
Huron,"Grant Township, Precinct 1",Governor,,DEM,Gretchen Whitmer,95
Huron,"Hume Township, Precinct 1",Governor,,DEM,Gretchen Whitmer,153
Huron,"Huron Township, Precinct 1",Governor,,DEM,Gretchen Whitmer,49
Huron,"Lake Township, Precinct 1",Governor,,DEM,Gretchen Whitmer,216
Huron,"Lincoln Township, Precinct 1",Governor,,DEM,Gretchen Whitmer,106
Huron,"McKinley Township, Precinct 1",Governor,,DEM,Gretchen Whitmer,81
Huron,"Meade Township, Precinct 1",Governor,,DEM,Gretchen Whitmer,140
Huron,"Oliver Township, Precinct 1",Governor,,DEM,Gretchen Whitmer,193
Huron,"Paris Township, Precinct 1",Governor,,DEM,Gretchen Whitmer,52
Huron,"Pointe Aux Barques Township,",Governor,,DEM,Gretchen Whitmer,11
Huron,"Port Austin Township, Precinct 1",Governor,,DEM,Gretchen Whitmer,348
Huron,"Rubicon Township, Precinct 1",Governor,,DEM,Gretchen Whitmer,111
Huron,"Sand Beach Township, Precinct 1",Governor,,DEM,Gretchen Whitmer,164
Huron,"Sebewaing Township, Precinct 1",Governor,,DEM,Gretchen Whitmer,373
Huron,"Sheridan Township, Precinct 1",Governor,,DEM,Gretchen Whitmer,78
Huron,"Sherman Township, Precinct 1",Governor,,DEM,Gretchen Whitmer,168
Huron,"Sigel Township, Precinct 1",Governor,,DEM,Gretchen Whitmer,52
Huron,"Verona Township, Precinct 1",Governor,,DEM,Gretchen Whitmer,196
Huron,"Winsor Township, Precinct 1",Governor,,DEM,Gretchen Whitmer,284
Huron,"City of Bad Axe, Precinct 1",Governor,,REP,Tudor M. Dixon,614
Huron,"City of Caseville, Precinct 1",Governor,,REP,Tudor M. Dixon,217
Huron,"City of Harbor Beach, Precinct 1",Governor,,REP,Tudor M. Dixon,365
Huron,"Bingham Township, Precinct 1",Governor,,REP,Tudor M. Dixon,472
Huron,"Bloomfield Township, Precinct 1",Governor,,REP,Tudor M. Dixon,129
Huron,"Brookfield Township, Precinct 1",Governor,,REP,Tudor M. Dixon,213
Huron,"Caseville Township, Precinct 1",Governor,,REP,Tudor M. Dixon,577
Huron,"Chandler Township, Precinct 1",Governor,,REP,Tudor M. Dixon,146
Huron,"Colfax Township, Precinct 1",Governor,,REP,Tudor M. Dixon,492
Huron,"Dwight Township, Precinct 1",Governor,,REP,Tudor M. Dixon,186
Huron,"Fairhaven Township, Precinct 1",Governor,,REP,Tudor M. Dixon,300
Huron,"Gore Township, Precinct 1",Governor,,REP,Tudor M. Dixon,52
Huron,"Grant Township, Precinct 1",Governor,,REP,Tudor M. Dixon,241
Huron,"Hume Township, Precinct 1",Governor,,REP,Tudor M. Dixon,274
Huron,"Huron Township, Precinct 1",Governor,,REP,Tudor M. Dixon,137
Huron,"Lake Township, Precinct 1",Governor,,REP,Tudor M. Dixon,235
Huron,"Lincoln Township, Precinct 1",Governor,,REP,Tudor M. Dixon,217
Huron,"McKinley Township, Precinct 1",Governor,,REP,Tudor M. Dixon,140
Huron,"Meade Township, Precinct 1",Governor,,REP,Tudor M. Dixon,180
Huron,"Oliver Township, Precinct 1",Governor,,REP,Tudor M. Dixon,339
Huron,"Paris Township, Precinct 1",Governor,,REP,Tudor M. Dixon,166
Huron,"Pointe Aux Barques Township,",Governor,,REP,Tudor M. Dixon,5
Huron,"Port Austin Township, Precinct 1",Governor,,REP,Tudor M. Dixon,472
Huron,"Rubicon Township, Precinct 1",Governor,,REP,Tudor M. Dixon,276
Huron,"Sand Beach Township, Precinct 1",Governor,,REP,Tudor M. Dixon,450
Huron,"Sebewaing Township, Precinct 1",Governor,,REP,Tudor M. Dixon,827
Huron,"Sheridan Township, Precinct 1",Governor,,REP,Tudor M. Dixon,179
Huron,"Sherman Township, Precinct 1",Governor,,REP,Tudor M. Dixon,369
Huron,"Sigel Township, Precinct 1",Governor,,REP,Tudor M. Dixon,192
Huron,"Verona Township, Precinct 1",Governor,,REP,Tudor M. Dixon,395
Huron,"Winsor Township, Precinct 1",Governor,,REP,Tudor M. Dixon,538
Huron,"City of Bad Axe, Precinct 1",Governor,,LIB,Mary Buzuma,11
Huron,"City of Caseville, Precinct 1",Governor,,LIB,Mary Buzuma,2
Huron,"City of Harbor Beach, Precinct 1",Governor,,LIB,Mary Buzuma,10
Huron,"Bingham Township, Precinct 1",Governor,,LIB,Mary Buzuma,8
Huron,"Bloomfield Township, Precinct 1",Governor,,LIB,Mary Buzuma,2
Huron,"Brookfield Township, Precinct 1",Governor,,LIB,Mary Buzuma,3
Huron,"Caseville Township, Precinct 1",Governor,,LIB,Mary Buzuma,18
Huron,"Chandler Township, Precinct 1",Governor,,LIB,Mary Buzuma,3
Huron,"Colfax Township, Precinct 1",Governor,,LIB,Mary Buzuma,3
Huron,"Dwight Township, Precinct 1",Governor,,LIB,Mary Buzuma,3
Huron,"Fairhaven Township, Precinct 1",Governor,,LIB,Mary Buzuma,3
Huron,"Gore Township, Precinct 1",Governor,,LIB,Mary Buzuma,0
Huron,"Grant Township, Precinct 1",Governor,,LIB,Mary Buzuma,6
Huron,"Hume Township, Precinct 1",Governor,,LIB,Mary Buzuma,1
Huron,"Huron Township, Precinct 1",Governor,,LIB,Mary Buzuma,1
Huron,"Lake Township, Precinct 1",Governor,,LIB,Mary Buzuma,2
Huron,"Lincoln Township, Precinct 1",Governor,,LIB,Mary Buzuma,2
Huron,"McKinley Township, Precinct 1",Governor,,LIB,Mary Buzuma,1
Huron,"Meade Township, Precinct 1",Governor,,LIB,Mary Buzuma,1
Huron,"Oliver Township, Precinct 1",Governor,,LIB,Mary Buzuma,4
Huron,"Paris Township, Precinct 1",Governor,,LIB,Mary Buzuma,1
Huron,"Pointe Aux Barques Township,",Governor,,LIB,Mary Buzuma,2
Huron,"Port Austin Township, Precinct 1",Governor,,LIB,Mary Buzuma,3
Huron,"Rubicon Township, Precinct 1",Governor,,LIB,Mary Buzuma,0
Huron,"Sand Beach Township, Precinct 1",Governor,,LIB,Mary Buzuma,4
Huron,"Sebewaing Township, Precinct 1",Governor,,LIB,Mary Buzuma,18
Huron,"Sheridan Township, Precinct 1",Governor,,LIB,Mary Buzuma,2
Huron,"Sherman Township, Precinct 1",Governor,,LIB,Mary Buzuma,5
Huron,"Sigel Township, Precinct 1",Governor,,LIB,Mary Buzuma,1
Huron,"Verona Township, Precinct 1",Governor,,LIB,Mary Buzuma,3
Huron,"Winsor Township, Precinct 1",Governor,,LIB,Mary Buzuma,9
Huron,"City of Bad Axe, Precinct 1",Governor,,UST,Donna Brandenburg,12
Huron,"City of Caseville, Precinct 1",Governor,,UST,Donna Brandenburg,1
Huron,"City of Harbor Beach, Precinct 1",Governor,,UST,Donna Brandenburg,3
Huron,"Bingham Township, Precinct 1",Governor,,UST,Donna Brandenburg,10
Huron,"Bloomfield Township, Precinct 1",Governor,,UST,Donna Brandenburg,1
Huron,"Brookfield Township, Precinct 1",Governor,,UST,Donna Brandenburg,0
Huron,"Caseville Township, Precinct 1",Governor,,UST,Donna Brandenburg,5
Huron,"Chandler Township, Precinct 1",Governor,,UST,Donna Brandenburg,0
Huron,"Colfax Township, Precinct 1",Governor,,UST,Donna Brandenburg,7
Huron,"Dwight Township, Precinct 1",Governor,,UST,Donna Brandenburg,2
Huron,"Fairhaven Township, Precinct 1",Governor,,UST,Donna Brandenburg,3
Huron,"Gore Township, Precinct 1",Governor,,UST,Donna Brandenburg,0
Huron,"Grant Township, Precinct 1",Governor,,UST,Donna Brandenburg,3
Huron,"Hume Township, Precinct 1",Governor,,UST,Donna Brandenburg,0
Huron,"Huron Township, Precinct 1",Governor,,UST,Donna Brandenburg,1
Huron,"Lake Township, Precinct 1",Governor,,UST,Donna Brandenburg,2
Huron,"Lincoln Township, Precinct 1",Governor,,UST,Donna Brandenburg,6
Huron,"McKinley Township, Precinct 1",Governor,,UST,Donna Brandenburg,1
Huron,"Meade Township, Precinct 1",Governor,,UST,Donna Brandenburg,0
Huron,"Oliver Township, Precinct 1",Governor,,UST,Donna Brandenburg,1
Huron,"Paris Township, Precinct 1",Governor,,UST,Donna Brandenburg,1
Huron,"Pointe Aux Barques Township,",Governor,,UST,Donna Brandenburg,0
Huron,"Port Austin Township, Precinct 1",Governor,,UST,Donna Brandenburg,3
Huron,"Rubicon Township, Precinct 1",Governor,,UST,Donna Brandenburg,2
Huron,"Sand Beach Township, Precinct 1",Governor,,UST,Donna Brandenburg,3
Huron,"Sebewaing Township, Precinct 1",Governor,,UST,Donna Brandenburg,7
Huron,"Sheridan Township, Precinct 1",Governor,,UST,Donna Brandenburg,1
Huron,"Sherman Township, Precinct 1",Governor,,UST,Donna Brandenburg,1
Huron,"Sigel Township, Precinct 1",Governor,,UST,Donna Brandenburg,2
Huron,"Verona Township, Precinct 1",Governor,,UST,Donna Brandenburg,5
Huron,"Winsor Township, Precinct 1",Governor,,UST,Donna Brandenburg,4
Huron,"City of Bad Axe, Precinct 1",Governor,,GRN,Kevin Hogan,7
Huron,"City of Caseville, Precinct 1",Governor,,GRN,Kevin Hogan,4
Huron,"City of Harbor Beach, Precinct 1",Governor,,GRN,Kevin Hogan,2
Huron,"Bingham Township, Precinct 1",Governor,,GRN,Kevin Hogan,4
Huron,"Bloomfield Township, Precinct 1",Governor,,GRN,Kevin Hogan,0
Huron,"Brookfield Township, Precinct 1",Governor,,GRN,Kevin Hogan,3
Huron,"Caseville Township, Precinct 1",Governor,,GRN,Kevin Hogan,3
Huron,"Chandler Township, Precinct 1",Governor,,GRN,Kevin Hogan,0
Huron,"Colfax Township, Precinct 1",Governor,,GRN,Kevin Hogan,3
Huron,"Dwight Township, Precinct 1",Governor,,GRN,Kevin Hogan,1
Huron,"Fairhaven Township, Precinct 1",Governor,,GRN,Kevin Hogan,1
Huron,"Gore Township, Precinct 1",Governor,,GRN,Kevin Hogan,0
Huron,"Grant Township, Precinct 1",Governor,,GRN,Kevin Hogan,3
Huron,"Hume Township, Precinct 1",Governor,,GRN,Kevin Hogan,1
Huron,"Huron Township, Precinct 1",Governor,,GRN,Kevin Hogan,0
Huron,"Lake Township, Precinct 1",Governor,,GRN,Kevin Hogan,3
Huron,"Lincoln Township, Precinct 1",Governor,,GRN,Kevin Hogan,1
Huron,"McKinley Township, Precinct 1",Governor,,GRN,Kevin Hogan,0
Huron,"Meade Township, Precinct 1",Governor,,GRN,Kevin Hogan,0
Huron,"Oliver Township, Precinct 1",Governor,,GRN,Kevin Hogan,3
Huron,"Paris Township, Precinct 1",Governor,,GRN,Kevin Hogan,0
Huron,"Pointe Aux Barques Township,",Governor,,GRN,Kevin Hogan,0
Huron,"Port Austin Township, Precinct 1",Governor,,GRN,Kevin Hogan,5
Huron,"Rubicon Township, Precinct 1",Governor,,GRN,Kevin Hogan,1
Huron,"Sand Beach Township, Precinct 1",Governor,,GRN,Kevin Hogan,1
Huron,"Sebewaing Township, Precinct 1",Governor,,GRN,Kevin Hogan,2
Huron,"Sheridan Township, Precinct 1",Governor,,GRN,Kevin Hogan,1
Huron,"Sherman Township, Precinct 1",Governor,,GRN,Kevin Hogan,2
Huron,"Sigel Township, Precinct 1",Governor,,GRN,Kevin Hogan,0
Huron,"Verona Township, Precinct 1",Governor,,GRN,Kevin Hogan,2
Huron,"Winsor Township, Precinct 1",Governor,,GRN,Kevin Hogan,2
Huron,"City of Bad Axe, Precinct 1",Governor,,NLP,Daryl M. Simpson,2
Huron,"City of Caseville, Precinct 1",Governor,,NLP,Daryl M. Simpson,2
Huron,"City of Harbor Beach, Precinct 1",Governor,,NLP,Daryl M. Simpson,2
Huron,"Bingham Township, Precinct 1",Governor,,NLP,Daryl M. Simpson,2
Huron,"Bloomfield Township, Precinct 1",Governor,,NLP,Daryl M. Simpson,0
Huron,"Brookfield Township, Precinct 1",Governor,,NLP,Daryl M. Simpson,0
Huron,"Caseville Township, Precinct 1",Governor,,NLP,Daryl M. Simpson,1
Huron,"Chandler Township, Precinct 1",Governor,,NLP,Daryl M. Simpson,1
Huron,"Colfax Township, Precinct 1",Governor,,NLP,Daryl M. Simpson,0
Huron,"Dwight Township, Precinct 1",Governor,,NLP,Daryl M. Simpson,0
Huron,"Fairhaven Township, Precinct 1",Governor,,NLP,Daryl M. Simpson,0
Huron,"Gore Township, Precinct 1",Governor,,NLP,Daryl M. Simpson,0
Huron,"Grant Township, Precinct 1",Governor,,NLP,Daryl M. Simpson,0
Huron,"Hume Township, Precinct 1",Governor,,NLP,Daryl M. Simpson,0
Huron,"Huron Township, Precinct 1",Governor,,NLP,Daryl M. Simpson,0
Huron,"Lake Township, Precinct 1",Governor,,NLP,Daryl M. Simpson,0
Huron,"Lincoln Township, Precinct 1",Governor,,NLP,Daryl M. Simpson,1
Huron,"McKinley Township, Precinct 1",Governor,,NLP,Daryl M. Simpson,0
Huron,"Meade Township, Precinct 1",Governor,,NLP,Daryl M. Simpson,2
Huron,"Oliver Township, Precinct 1",Governor,,NLP,Daryl M. Simpson,4
Huron,"Paris Township, Precinct 1",Governor,,NLP,Daryl M. Simpson,0
Huron,"Pointe Aux Barques Township,",Governor,,NLP,Daryl M. Simpson,0
Huron,"Port Austin Township, Precinct 1",Governor,,NLP,Daryl M. Simpson,2
Huron,"Rubicon Township, Precinct 1",Governor,,NLP,Daryl M. Simpson,0
Huron,"Sand Beach Township, Precinct 1",Governor,,NLP,Daryl M. Simpson,1
Huron,"Sebewaing Township, Precinct 1",Governor,,NLP,Daryl M. Simpson,6
Huron,"Sheridan Township, Precinct 1",Governor,,NLP,Daryl M. Simpson,0
Huron,"Sherman Township, Precinct 1",Governor,,NLP,Daryl M. Simpson,0
Huron,"Sigel Township, Precinct 1",Governor,,NLP,Daryl M. Simpson,1
Huron,"Verona Township, Precinct 1",Governor,,NLP,Daryl M. Simpson,0
Huron,"Winsor Township, Precinct 1",Governor,,NLP,Daryl M. Simpson,0
Huron,"City of Bad Axe, Precinct 1",Governor,,,Write-In,2
Huron,"City of Caseville, Precinct 1",Governor,,,Write-In,1
Huron,"City of Harbor Beach, Precinct 1",Governor,,,Write-In,0
Huron,"Bingham Township, Precinct 1",Governor,,,Write-In,0
Huron,"Bloomfield Township, Precinct 1",Governor,,,Write-In,0
Huron,"Brookfield Township, Precinct 1",Governor,,,Write-In,0
Huron,"Caseville Township, Precinct 1",Governor,,,Write-In,0
Huron,"Chandler Township, Precinct 1",Governor,,,Write-In,0
Huron,"Colfax Township, Precinct 1",Governor,,,Write-In,0
Huron,"Dwight Township, Precinct 1",Governor,,,Write-In,0
Huron,"Fairhaven Township, Precinct 1",Governor,,,Write-In,0
Huron,"Gore Township, Precinct 1",Governor,,,Write-In,0
Huron,"Grant Township, Precinct 1",Governor,,,Write-In,0
Huron,"Hume Township, Precinct 1",Governor,,,Write-In,1
Huron,"Huron Township, Precinct 1",Governor,,,Write-In,2
Huron,"Lake Township, Precinct 1",Governor,,,Write-In,1
Huron,"Lincoln Township, Precinct 1",Governor,,,Write-In,0
Huron,"McKinley Township, Precinct 1",Governor,,,Write-In,0
Huron,"Meade Township, Precinct 1",Governor,,,Write-In,0
Huron,"Oliver Township, Precinct 1",Governor,,,Write-In,0
Huron,"Paris Township, Precinct 1",Governor,,,Write-In,0
Huron,"Pointe Aux Barques Township,",Governor,,,Write-In,0
Huron,"Port Austin Township, Precinct 1",Governor,,,Write-In,0
Huron,"Rubicon Township, Precinct 1",Governor,,,Write-In,0
Huron,"Sand Beach Township, Precinct 1",Governor,,,Write-In,2
Huron,"Sebewaing Township, Precinct 1",Governor,,,Write-In,2
Huron,"Sheridan Township, Precinct 1",Governor,,,Write-In,0
Huron,"Sherman Township, Precinct 1",Governor,,,Write-In,0
Huron,"Sigel Township, Precinct 1",Governor,,,Write-In,0
Huron,"Verona Township, Precinct 1",Governor,,,Write-In,0
Huron,"Winsor Township, Precinct 1",Governor,,,Write-In,2
Huron,"City of Bad Axe, Precinct 1",Secretary of State,,DEM,Jocelyn Benson,502
Huron,"City of Caseville, Precinct 1",Secretary of State,,DEM,Jocelyn Benson,185
Huron,"City of Harbor Beach, Precinct 1",Secretary of State,,DEM,Jocelyn Benson,296
Huron,"Bingham Township, Precinct 1",Secretary of State,,DEM,Jocelyn Benson,328
Huron,"Bloomfield Township, Precinct 1",Secretary of State,,DEM,Jocelyn Benson,52
Huron,"Brookfield Township, Precinct 1",Secretary of State,,DEM,Jocelyn Benson,99
Huron,"Caseville Township, Precinct 1",Secretary of State,,DEM,Jocelyn Benson,509
Huron,"Chandler Township, Precinct 1",Secretary of State,,DEM,Jocelyn Benson,50
Huron,"Colfax Township, Precinct 1",Secretary of State,,DEM,Jocelyn Benson,256
Huron,"Dwight Township, Precinct 1",Secretary of State,,DEM,Jocelyn Benson,125
Huron,"Fairhaven Township, Precinct 1",Secretary of State,,DEM,Jocelyn Benson,153
Huron,"Gore Township, Precinct 1",Secretary of State,,DEM,Jocelyn Benson,31
Huron,"Grant Township, Precinct 1",Secretary of State,,DEM,Jocelyn Benson,112
Huron,"Hume Township, Precinct 1",Secretary of State,,DEM,Jocelyn Benson,178
Huron,"Huron Township, Precinct 1",Secretary of State,,DEM,Jocelyn Benson,49
Huron,"Lake Township, Precinct 1",Secretary of State,,DEM,Jocelyn Benson,221
Huron,"Lincoln Township, Precinct 1",Secretary of State,,DEM,Jocelyn Benson,111
Huron,"McKinley Township, Precinct 1",Secretary of State,,DEM,Jocelyn Benson,86
Huron,"Meade Township, Precinct 1",Secretary of State,,DEM,Jocelyn Benson,129
Huron,"Oliver Township, Precinct 1",Secretary of State,,DEM,Jocelyn Benson,205
Huron,"Paris Township, Precinct 1",Secretary of State,,DEM,Jocelyn Benson,76
Huron,"Pointe Aux Barques Township,",Secretary of State,,DEM,Jocelyn Benson,11
Huron,"Port Austin Township, Precinct 1",Secretary of State,,DEM,Jocelyn Benson,378
Huron,"Rubicon Township, Precinct 1",Secretary of State,,DEM,Jocelyn Benson,131
Huron,"Sand Beach Township, Precinct 1",Secretary of State,,DEM,Jocelyn Benson,179
Huron,"Sebewaing Township, Precinct 1",Secretary of State,,DEM,Jocelyn Benson,421
Huron,"Sheridan Township, Precinct 1",Secretary of State,,DEM,Jocelyn Benson,90
Huron,"Sherman Township, Precinct 1",Secretary of State,,DEM,Jocelyn Benson,199
Huron,"Sigel Township, Precinct 1",Secretary of State,,DEM,Jocelyn Benson,63
Huron,"Verona Township, Precinct 1",Secretary of State,,DEM,Jocelyn Benson,212
Huron,"Winsor Township, Precinct 1",Secretary of State,,DEM,Jocelyn Benson,302
Huron,"City of Bad Axe, Precinct 1",Secretary of State,,REP,Kristina Elaine Karamo,582
Huron,"City of Caseville, Precinct 1",Secretary of State,,REP,Kristina Elaine Karamo,199
Huron,"City of Harbor Beach, Precinct 1",Secretary of State,,REP,Kristina Elaine Karamo,346
Huron,"Bingham Township, Precinct 1",Secretary of State,,REP,Kristina Elaine Karamo,436
Huron,"Bloomfield Township, Precinct 1",Secretary of State,,REP,Kristina Elaine Karamo,126
Huron,"Brookfield Township, Precinct 1",Secretary of State,,REP,Kristina Elaine Karamo,193
Huron,"Caseville Township, Precinct 1",Secretary of State,,REP,Kristina Elaine Karamo,539
Huron,"Chandler Township, Precinct 1",Secretary of State,,REP,Kristina Elaine Karamo,140
Huron,"Colfax Township, Precinct 1",Secretary of State,,REP,Kristina Elaine Karamo,471
Huron,"Dwight Township, Precinct 1",Secretary of State,,REP,Kristina Elaine Karamo,172
Huron,"Fairhaven Township, Precinct 1",Secretary of State,,REP,Kristina Elaine Karamo,282
Huron,"Gore Township, Precinct 1",Secretary of State,,REP,Kristina Elaine Karamo,49
Huron,"Grant Township, Precinct 1",Secretary of State,,REP,Kristina Elaine Karamo,222
Huron,"Hume Township, Precinct 1",Secretary of State,,REP,Kristina Elaine Karamo,247
Huron,"Huron Township, Precinct 1",Secretary of State,,REP,Kristina Elaine Karamo,132
Huron,"Lake Township, Precinct 1",Secretary of State,,REP,Kristina Elaine Karamo,226
Huron,"Lincoln Township, Precinct 1",Secretary of State,,REP,Kristina Elaine Karamo,200
Huron,"McKinley Township, Precinct 1",Secretary of State,,REP,Kristina Elaine Karamo,126
Huron,"Meade Township, Precinct 1",Secretary of State,,REP,Kristina Elaine Karamo,182
Huron,"Oliver Township, Precinct 1",Secretary of State,,REP,Kristina Elaine Karamo,312
Huron,"Paris Township, Precinct 1",Secretary of State,,REP,Kristina Elaine Karamo,140
Huron,"Pointe Aux Barques Township,",Secretary of State,,REP,Kristina Elaine Karamo,6
Huron,"Port Austin Township, Precinct 1",Secretary of State,,REP,Kristina Elaine Karamo,432
Huron,"Rubicon Township, Precinct 1",Secretary of State,,REP,Kristina Elaine Karamo,247
Huron,"Sand Beach Township, Precinct 1",Secretary of State,,REP,Kristina Elaine Karamo,421
Huron,"Sebewaing Township, Precinct 1",Secretary of State,,REP,Kristina Elaine Karamo,769
Huron,"Sheridan Township, Precinct 1",Secretary of State,,REP,Kristina Elaine Karamo,163
Huron,"Sherman Township, Precinct 1",Secretary of State,,REP,Kristina Elaine Karamo,330
Huron,"Sigel Township, Precinct 1",Secretary of State,,REP,Kristina Elaine Karamo,178
Huron,"Verona Township, Precinct 1",Secretary of State,,REP,Kristina Elaine Karamo,372
Huron,"Winsor Township, Precinct 1",Secretary of State,,REP,Kristina Elaine Karamo,507
Huron,"City of Bad Axe, Precinct 1",Secretary of State,,LIB,Gregory Scott Stempfle,21
Huron,"City of Caseville, Precinct 1",Secretary of State,,LIB,Gregory Scott Stempfle,5
Huron,"City of Harbor Beach, Precinct 1",Secretary of State,,LIB,Gregory Scott Stempfle,13
Huron,"Bingham Township, Precinct 1",Secretary of State,,LIB,Gregory Scott Stempfle,11
Huron,"Bloomfield Township, Precinct 1",Secretary of State,,LIB,Gregory Scott Stempfle,1
Huron,"Brookfield Township, Precinct 1",Secretary of State,,LIB,Gregory Scott Stempfle,3
Huron,"Caseville Township, Precinct 1",Secretary of State,,LIB,Gregory Scott Stempfle,12
Huron,"Chandler Township, Precinct 1",Secretary of State,,LIB,Gregory Scott Stempfle,1
Huron,"Colfax Township, Precinct 1",Secretary of State,,LIB,Gregory Scott Stempfle,7
Huron,"Dwight Township, Precinct 1",Secretary of State,,LIB,Gregory Scott Stempfle,3
Huron,"Fairhaven Township, Precinct 1",Secretary of State,,LIB,Gregory Scott Stempfle,2
Huron,"Gore Township, Precinct 1",Secretary of State,,LIB,Gregory Scott Stempfle,0
Huron,"Grant Township, Precinct 1",Secretary of State,,LIB,Gregory Scott Stempfle,9
Huron,"Hume Township, Precinct 1",Secretary of State,,LIB,Gregory Scott Stempfle,2
Huron,"Huron Township, Precinct 1",Secretary of State,,LIB,Gregory Scott Stempfle,2
Huron,"Lake Township, Precinct 1",Secretary of State,,LIB,Gregory Scott Stempfle,1
Huron,"Lincoln Township, Precinct 1",Secretary of State,,LIB,Gregory Scott Stempfle,3
Huron,"McKinley Township, Precinct 1",Secretary of State,,LIB,Gregory Scott Stempfle,4
Huron,"Meade Township, Precinct 1",Secretary of State,,LIB,Gregory Scott Stempfle,3
Huron,"Oliver Township, Precinct 1",Secretary of State,,LIB,Gregory Scott Stempfle,8
Huron,"Paris Township, Precinct 1",Secretary of State,,LIB,Gregory Scott Stempfle,4
Huron,"Pointe Aux Barques Township,",Secretary of State,,LIB,Gregory Scott Stempfle,0
Huron,"Port Austin Township, Precinct 1",Secretary of State,,LIB,Gregory Scott Stempfle,8
Huron,"Rubicon Township, Precinct 1",Secretary of State,,LIB,Gregory Scott Stempfle,5
Huron,"Sand Beach Township, Precinct 1",Secretary of State,,LIB,Gregory Scott Stempfle,9
Huron,"Sebewaing Township, Precinct 1",Secretary of State,,LIB,Gregory Scott Stempfle,14
Huron,"Sheridan Township, Precinct 1",Secretary of State,,LIB,Gregory Scott Stempfle,3
Huron,"Sherman Township, Precinct 1",Secretary of State,,LIB,Gregory Scott Stempfle,2
Huron,"Sigel Township, Precinct 1",Secretary of State,,LIB,Gregory Scott Stempfle,0
Huron,"Verona Township, Precinct 1",Secretary of State,,LIB,Gregory Scott Stempfle,6
Huron,"Winsor Township, Precinct 1",Secretary of State,,LIB,Gregory Scott Stempfle,12
Huron,"City of Bad Axe, Precinct 1",Secretary of State,,UST,Christine C. Schwartz,17
Huron,"City of Caseville, Precinct 1",Secretary of State,,UST,Christine C. Schwartz,3
Huron,"City of Harbor Beach, Precinct 1",Secretary of State,,UST,Christine C. Schwartz,6
Huron,"Bingham Township, Precinct 1",Secretary of State,,UST,Christine C. Schwartz,6
Huron,"Bloomfield Township, Precinct 1",Secretary of State,,UST,Christine C. Schwartz,1
Huron,"Brookfield Township, Precinct 1",Secretary of State,,UST,Christine C. Schwartz,3
Huron,"Caseville Township, Precinct 1",Secretary of State,,UST,Christine C. Schwartz,7
Huron,"Chandler Township, Precinct 1",Secretary of State,,UST,Christine C. Schwartz,1
Huron,"Colfax Township, Precinct 1",Secretary of State,,UST,Christine C. Schwartz,5
Huron,"Dwight Township, Precinct 1",Secretary of State,,UST,Christine C. Schwartz,4
Huron,"Fairhaven Township, Precinct 1",Secretary of State,,UST,Christine C. Schwartz,4
Huron,"Gore Township, Precinct 1",Secretary of State,,UST,Christine C. Schwartz,0
Huron,"Grant Township, Precinct 1",Secretary of State,,UST,Christine C. Schwartz,2
Huron,"Hume Township, Precinct 1",Secretary of State,,UST,Christine C. Schwartz,1
Huron,"Huron Township, Precinct 1",Secretary of State,,UST,Christine C. Schwartz,2
Huron,"Lake Township, Precinct 1",Secretary of State,,UST,Christine C. Schwartz,3
Huron,"Lincoln Township, Precinct 1",Secretary of State,,UST,Christine C. Schwartz,8
Huron,"McKinley Township, Precinct 1",Secretary of State,,UST,Christine C. Schwartz,4
Huron,"Meade Township, Precinct 1",Secretary of State,,UST,Christine C. Schwartz,2
Huron,"Oliver Township, Precinct 1",Secretary of State,,UST,Christine C. Schwartz,13
Huron,"Paris Township, Precinct 1",Secretary of State,,UST,Christine C. Schwartz,2
Huron,"Pointe Aux Barques Township,",Secretary of State,,UST,Christine C. Schwartz,0
Huron,"Port Austin Township, Precinct 1",Secretary of State,,UST,Christine C. Schwartz,11
Huron,"Rubicon Township, Precinct 1",Secretary of State,,UST,Christine C. Schwartz,5
Huron,"Sand Beach Township, Precinct 1",Secretary of State,,UST,Christine C. Schwartz,3
Huron,"Sebewaing Township, Precinct 1",Secretary of State,,UST,Christine C. Schwartz,12
Huron,"Sheridan Township, Precinct 1",Secretary of State,,UST,Christine C. Schwartz,1
Huron,"Sherman Township, Precinct 1",Secretary of State,,UST,Christine C. Schwartz,4
Huron,"Sigel Township, Precinct 1",Secretary of State,,UST,Christine C. Schwartz,1
Huron,"Verona Township, Precinct 1",Secretary of State,,UST,Christine C. Schwartz,3
Huron,"Winsor Township, Precinct 1",Secretary of State,,UST,Christine C. Schwartz,7
Huron,"City of Bad Axe, Precinct 1",Secretary of State,,GRN,Larry James Hutchinson Jr.,5
Huron,"City of Caseville, Precinct 1",Secretary of State,,GRN,Larry James Hutchinson Jr.,2
Huron,"City of Harbor Beach, Precinct 1",Secretary of State,,GRN,Larry James Hutchinson Jr.,4
Huron,"Bingham Township, Precinct 1",Secretary of State,,GRN,Larry James Hutchinson Jr.,4
Huron,"Bloomfield Township, Precinct 1",Secretary of State,,GRN,Larry James Hutchinson Jr.,0
Huron,"Brookfield Township, Precinct 1",Secretary of State,,GRN,Larry James Hutchinson Jr.,1
Huron,"Caseville Township, Precinct 1",Secretary of State,,GRN,Larry James Hutchinson Jr.,0
Huron,"Chandler Township, Precinct 1",Secretary of State,,GRN,Larry James Hutchinson Jr.,0
Huron,"Colfax Township, Precinct 1",Secretary of State,,GRN,Larry James Hutchinson Jr.,3
Huron,"Dwight Township, Precinct 1",Secretary of State,,GRN,Larry James Hutchinson Jr.,1
Huron,"Fairhaven Township, Precinct 1",Secretary of State,,GRN,Larry James Hutchinson Jr.,1
Huron,"Gore Township, Precinct 1",Secretary of State,,GRN,Larry James Hutchinson Jr.,0
Huron,"Grant Township, Precinct 1",Secretary of State,,GRN,Larry James Hutchinson Jr.,2
Huron,"Hume Township, Precinct 1",Secretary of State,,GRN,Larry James Hutchinson Jr.,1
Huron,"Huron Township, Precinct 1",Secretary of State,,GRN,Larry James Hutchinson Jr.,0
Huron,"Lake Township, Precinct 1",Secretary of State,,GRN,Larry James Hutchinson Jr.,1
Huron,"Lincoln Township, Precinct 1",Secretary of State,,GRN,Larry James Hutchinson Jr.,4
Huron,"McKinley Township, Precinct 1",Secretary of State,,GRN,Larry James Hutchinson Jr.,0
Huron,"Meade Township, Precinct 1",Secretary of State,,GRN,Larry James Hutchinson Jr.,1
Huron,"Oliver Township, Precinct 1",Secretary of State,,GRN,Larry James Hutchinson Jr.,2
Huron,"Paris Township, Precinct 1",Secretary of State,,GRN,Larry James Hutchinson Jr.,0
Huron,"Pointe Aux Barques Township,",Secretary of State,,GRN,Larry James Hutchinson Jr.,0
Huron,"Port Austin Township, Precinct 1",Secretary of State,,GRN,Larry James Hutchinson Jr.,1
Huron,"Rubicon Township, Precinct 1",Secretary of State,,GRN,Larry James Hutchinson Jr.,2
Huron,"Sand Beach Township, Precinct 1",Secretary of State,,GRN,Larry James Hutchinson Jr.,0
Huron,"Sebewaing Township, Precinct 1",Secretary of State,,GRN,Larry James Hutchinson Jr.,4
Huron,"Sheridan Township, Precinct 1",Secretary of State,,GRN,Larry James Hutchinson Jr.,1
Huron,"Sherman Township, Precinct 1",Secretary of State,,GRN,Larry James Hutchinson Jr.,1
Huron,"Sigel Township, Precinct 1",Secretary of State,,GRN,Larry James Hutchinson Jr.,1
Huron,"Verona Township, Precinct 1",Secretary of State,,GRN,Larry James Hutchinson Jr.,2
Huron,"Winsor Township, Precinct 1",Secretary of State,,GRN,Larry James Hutchinson Jr.,2
Huron,"City of Bad Axe, Precinct 1",Secretary of State,,,Write-In,2
Huron,"City of Caseville, Precinct 1",Secretary of State,,,Write-In,0
Huron,"City of Harbor Beach, Precinct 1",Secretary of State,,,Write-In,1
Huron,"Bingham Township, Precinct 1",Secretary of State,,,Write-In,0
Huron,"Bloomfield Township, Precinct 1",Secretary of State,,,Write-In,0
Huron,"Brookfield Township, Precinct 1",Secretary of State,,,Write-In,0
Huron,"Caseville Township, Precinct 1",Secretary of State,,,Write-In,2
Huron,"Chandler Township, Precinct 1",Secretary of State,,,Write-In,0
Huron,"Colfax Township, Precinct 1",Secretary of State,,,Write-In,1
Huron,"Dwight Township, Precinct 1",Secretary of State,,,Write-In,0
Huron,"Fairhaven Township, Precinct 1",Secretary of State,,,Write-In,0
Huron,"Gore Township, Precinct 1",Secretary of State,,,Write-In,0
Huron,"Grant Township, Precinct 1",Secretary of State,,,Write-In,0
Huron,"Hume Township, Precinct 1",Secretary of State,,,Write-In,0
Huron,"Huron Township, Precinct 1",Secretary of State,,,Write-In,1
Huron,"Lake Township, Precinct 1",Secretary of State,,,Write-In,2
Huron,"Lincoln Township, Precinct 1",Secretary of State,,,Write-In,0
Huron,"McKinley Township, Precinct 1",Secretary of State,,,Write-In,0
Huron,"Meade Township, Precinct 1",Secretary of State,,,Write-In,0
Huron,"Oliver Township, Precinct 1",Secretary of State,,,Write-In,0
Huron,"Paris Township, Precinct 1",Secretary of State,,,Write-In,0
Huron,"Pointe Aux Barques Township,",Secretary of State,,,Write-In,0
Huron,"Port Austin Township, Precinct 1",Secretary of State,,,Write-In,0
Huron,"Rubicon Township, Precinct 1",Secretary of State,,,Write-In,0
Huron,"Sand Beach Township, Precinct 1",Secretary of State,,,Write-In,3
Huron,"Sebewaing Township, Precinct 1",Secretary of State,,,Write-In,3
Huron,"Sheridan Township, Precinct 1",Secretary of State,,,Write-In,1
Huron,"Sherman Township, Precinct 1",Secretary of State,,,Write-In,0
Huron,"Sigel Township, Precinct 1",Secretary of State,,,Write-In,0
Huron,"Verona Township, Precinct 1",Secretary of State,,,Write-In,0
Huron,"Winsor Township, Precinct 1",Secretary of State,,,Write-In,0
Huron,"City of Bad Axe, Precinct 1",Attorney General,,DEM,Dana Nessel,461
Huron,"City of Caseville, Precinct 1",Attorney General,,DEM,Dana Nessel,169
Huron,"City of Harbor Beach, Precinct 1",Attorney General,,DEM,Dana Nessel,287
Huron,"Bingham Township, Precinct 1",Attorney General,,DEM,Dana Nessel,289
Huron,"Bloomfield Township, Precinct 1",Attorney General,,DEM,Dana Nessel,40
Huron,"Brookfield Township, Precinct 1",Attorney General,,DEM,Dana Nessel,74
Huron,"Caseville Township, Precinct 1",Attorney General,,DEM,Dana Nessel,453
Huron,"Chandler Township, Precinct 1",Attorney General,,DEM,Dana Nessel,44
Huron,"Colfax Township, Precinct 1",Attorney General,,DEM,Dana Nessel,235
Huron,"Dwight Township, Precinct 1",Attorney General,,DEM,Dana Nessel,113
Huron,"Fairhaven Township, Precinct 1",Attorney General,,DEM,Dana Nessel,133
Huron,"Gore Township, Precinct 1",Attorney General,,DEM,Dana Nessel,26
Huron,"Grant Township, Precinct 1",Attorney General,,DEM,Dana Nessel,95
Huron,"Hume Township, Precinct 1",Attorney General,,DEM,Dana Nessel,162
Huron,"Huron Township, Precinct 1",Attorney General,,DEM,Dana Nessel,52
Huron,"Lake Township, Precinct 1",Attorney General,,DEM,Dana Nessel,205
Huron,"Lincoln Township, Precinct 1",Attorney General,,DEM,Dana Nessel,104
Huron,"McKinley Township, Precinct 1",Attorney General,,DEM,Dana Nessel,77
Huron,"Meade Township, Precinct 1",Attorney General,,DEM,Dana Nessel,122
Huron,"Oliver Township, Precinct 1",Attorney General,,DEM,Dana Nessel,181
Huron,"Paris Township, Precinct 1",Attorney General,,DEM,Dana Nessel,62
Huron,"Pointe Aux Barques Township,",Attorney General,,DEM,Dana Nessel,10
Huron,"Port Austin Township, Precinct 1",Attorney General,,DEM,Dana Nessel,344
Huron,"Rubicon Township, Precinct 1",Attorney General,,DEM,Dana Nessel,109
Huron,"Sand Beach Township, Precinct 1",Attorney General,,DEM,Dana Nessel,159
Huron,"Sebewaing Township, Precinct 1",Attorney General,,DEM,Dana Nessel,358
Huron,"Sheridan Township, Precinct 1",Attorney General,,DEM,Dana Nessel,77
Huron,"Sherman Township, Precinct 1",Attorney General,,DEM,Dana Nessel,167
Huron,"Sigel Township, Precinct 1",Attorney General,,DEM,Dana Nessel,51
Huron,"Verona Township, Precinct 1",Attorney General,,DEM,Dana Nessel,197
Huron,"Winsor Township, Precinct 1",Attorney General,,DEM,Dana Nessel,277
Huron,"City of Bad Axe, Precinct 1",Attorney General,,REP,Matthew DePerno,606
Huron,"City of Caseville, Precinct 1",Attorney General,,REP,Matthew DePerno,211
Huron,"City of Harbor Beach, Precinct 1",Attorney General,,REP,Matthew DePerno,351
Huron,"Bingham Township, Precinct 1",Attorney General,,REP,Matthew DePerno,473
Huron,"Bloomfield Township, Precinct 1",Attorney General,,REP,Matthew DePerno,129
Huron,"Brookfield Township, Precinct 1",Attorney General,,REP,Matthew DePerno,215
Huron,"Caseville Township, Precinct 1",Attorney General,,REP,Matthew DePerno,587
Huron,"Chandler Township, Precinct 1",Attorney General,,REP,Matthew DePerno,142
Huron,"Colfax Township, Precinct 1",Attorney General,,REP,Matthew DePerno,491
Huron,"Dwight Township, Precinct 1",Attorney General,,REP,Matthew DePerno,180
Huron,"Fairhaven Township, Precinct 1",Attorney General,,REP,Matthew DePerno,297
Huron,"Gore Township, Precinct 1",Attorney General,,REP,Matthew DePerno,53
Huron,"Grant Township, Precinct 1",Attorney General,,REP,Matthew DePerno,241
Huron,"Hume Township, Precinct 1",Attorney General,,REP,Matthew DePerno,260
Huron,"Huron Township, Precinct 1",Attorney General,,REP,Matthew DePerno,132
Huron,"Lake Township, Precinct 1",Attorney General,,REP,Matthew DePerno,239
Huron,"Lincoln Township, Precinct 1",Attorney General,,REP,Matthew DePerno,213
Huron,"McKinley Township, Precinct 1",Attorney General,,REP,Matthew DePerno,137
Huron,"Meade Township, Precinct 1",Attorney General,,REP,Matthew DePerno,190
Huron,"Oliver Township, Precinct 1",Attorney General,,REP,Matthew DePerno,334
Huron,"Paris Township, Precinct 1",Attorney General,,REP,Matthew DePerno,150
Huron,"Pointe Aux Barques Township,",Attorney General,,REP,Matthew DePerno,7
Huron,"Port Austin Township, Precinct 1",Attorney General,,REP,Matthew DePerno,464
Huron,"Rubicon Township, Precinct 1",Attorney General,,REP,Matthew DePerno,268
Huron,"Sand Beach Township, Precinct 1",Attorney General,,REP,Matthew DePerno,444
Huron,"Sebewaing Township, Precinct 1",Attorney General,,REP,Matthew DePerno,837
Huron,"Sheridan Township, Precinct 1",Attorney General,,REP,Matthew DePerno,171
Huron,"Sherman Township, Precinct 1",Attorney General,,REP,Matthew DePerno,358
Huron,"Sigel Township, Precinct 1",Attorney General,,REP,Matthew DePerno,187
Huron,"Verona Township, Precinct 1",Attorney General,,REP,Matthew DePerno,391
Huron,"Winsor Township, Precinct 1",Attorney General,,REP,Matthew DePerno,526
Huron,"City of Bad Axe, Precinct 1",Attorney General,,LIB,Joseph W. McHugh Jr.,25
Huron,"City of Caseville, Precinct 1",Attorney General,,LIB,Joseph W. McHugh Jr.,6
Huron,"City of Harbor Beach, Precinct 1",Attorney General,,LIB,Joseph W. McHugh Jr.,15
Huron,"Bingham Township, Precinct 1",Attorney General,,LIB,Joseph W. McHugh Jr.,9
Huron,"Bloomfield Township, Precinct 1",Attorney General,,LIB,Joseph W. McHugh Jr.,2
Huron,"Brookfield Township, Precinct 1",Attorney General,,LIB,Joseph W. McHugh Jr.,3
Huron,"Caseville Township, Precinct 1",Attorney General,,LIB,Joseph W. McHugh Jr.,18
Huron,"Chandler Township, Precinct 1",Attorney General,,LIB,Joseph W. McHugh Jr.,4
Huron,"Colfax Township, Precinct 1",Attorney General,,LIB,Joseph W. McHugh Jr.,10
Huron,"Dwight Township, Precinct 1",Attorney General,,LIB,Joseph W. McHugh Jr.,4
Huron,"Fairhaven Township, Precinct 1",Attorney General,,LIB,Joseph W. McHugh Jr.,3
Huron,"Gore Township, Precinct 1",Attorney General,,LIB,Joseph W. McHugh Jr.,0
Huron,"Grant Township, Precinct 1",Attorney General,,LIB,Joseph W. McHugh Jr.,7
Huron,"Hume Township, Precinct 1",Attorney General,,LIB,Joseph W. McHugh Jr.,6
Huron,"Huron Township, Precinct 1",Attorney General,,LIB,Joseph W. McHugh Jr.,1
Huron,"Lake Township, Precinct 1",Attorney General,,LIB,Joseph W. McHugh Jr.,4
Huron,"Lincoln Township, Precinct 1",Attorney General,,LIB,Joseph W. McHugh Jr.,3
Huron,"McKinley Township, Precinct 1",Attorney General,,LIB,Joseph W. McHugh Jr.,7
Huron,"Meade Township, Precinct 1",Attorney General,,LIB,Joseph W. McHugh Jr.,2
Huron,"Oliver Township, Precinct 1",Attorney General,,LIB,Joseph W. McHugh Jr.,12
Huron,"Paris Township, Precinct 1",Attorney General,,LIB,Joseph W. McHugh Jr.,6
Huron,"Pointe Aux Barques Township,",Attorney General,,LIB,Joseph W. McHugh Jr.,0
Huron,"Port Austin Township, Precinct 1",Attorney General,,LIB,Joseph W. McHugh Jr.,7
Huron,"Rubicon Township, Precinct 1",Attorney General,,LIB,Joseph W. McHugh Jr.,4
Huron,"Sand Beach Township, Precinct 1",Attorney General,,LIB,Joseph W. McHugh Jr.,4
Huron,"Sebewaing Township, Precinct 1",Attorney General,,LIB,Joseph W. McHugh Jr.,20
Huron,"Sheridan Township, Precinct 1",Attorney General,,LIB,Joseph W. McHugh Jr.,5
Huron,"Sherman Township, Precinct 1",Attorney General,,LIB,Joseph W. McHugh Jr.,2
Huron,"Sigel Township, Precinct 1",Attorney General,,LIB,Joseph W. McHugh Jr.,1
Huron,"Verona Township, Precinct 1",Attorney General,,LIB,Joseph W. McHugh Jr.,5
Huron,"Winsor Township, Precinct 1",Attorney General,,LIB,Joseph W. McHugh Jr.,16
Huron,"City of Bad Axe, Precinct 1",Attorney General,,UST,Gerald T. Van Sickle,24
Huron,"City of Caseville, Precinct 1",Attorney General,,UST,Gerald T. Van Sickle,5
Huron,"City of Harbor Beach, Precinct 1",Attorney General,,UST,Gerald T. Van Sickle,6
Huron,"Bingham Township, Precinct 1",Attorney General,,UST,Gerald T. Van Sickle,5
Huron,"Bloomfield Township, Precinct 1",Attorney General,,UST,Gerald T. Van Sickle,3
Huron,"Brookfield Township, Precinct 1",Attorney General,,UST,Gerald T. Van Sickle,4
Huron,"Caseville Township, Precinct 1",Attorney General,,UST,Gerald T. Van Sickle,8
Huron,"Chandler Township, Precinct 1",Attorney General,,UST,Gerald T. Van Sickle,2
Huron,"Colfax Township, Precinct 1",Attorney General,,UST,Gerald T. Van Sickle,8
Huron,"Dwight Township, Precinct 1",Attorney General,,UST,Gerald T. Van Sickle,2
Huron,"Fairhaven Township, Precinct 1",Attorney General,,UST,Gerald T. Van Sickle,4
Huron,"Gore Township, Precinct 1",Attorney General,,UST,Gerald T. Van Sickle,1
Huron,"Grant Township, Precinct 1",Attorney General,,UST,Gerald T. Van Sickle,1
Huron,"Hume Township, Precinct 1",Attorney General,,UST,Gerald T. Van Sickle,2
Huron,"Huron Township, Precinct 1",Attorney General,,UST,Gerald T. Van Sickle,1
Huron,"Lake Township, Precinct 1",Attorney General,,UST,Gerald T. Van Sickle,5
Huron,"Lincoln Township, Precinct 1",Attorney General,,UST,Gerald T. Van Sickle,4
Huron,"McKinley Township, Precinct 1",Attorney General,,UST,Gerald T. Van Sickle,0
Huron,"Meade Township, Precinct 1",Attorney General,,UST,Gerald T. Van Sickle,1
Huron,"Oliver Township, Precinct 1",Attorney General,,UST,Gerald T. Van Sickle,8
Huron,"Paris Township, Precinct 1",Attorney General,,UST,Gerald T. Van Sickle,3
Huron,"Pointe Aux Barques Township,",Attorney General,,UST,Gerald T. Van Sickle,0
Huron,"Port Austin Township, Precinct 1",Attorney General,,UST,Gerald T. Van Sickle,9
Huron,"Rubicon Township, Precinct 1",Attorney General,,UST,Gerald T. Van Sickle,7
Huron,"Sand Beach Township, Precinct 1",Attorney General,,UST,Gerald T. Van Sickle,3
Huron,"Sebewaing Township, Precinct 1",Attorney General,,UST,Gerald T. Van Sickle,8
Huron,"Sheridan Township, Precinct 1",Attorney General,,UST,Gerald T. Van Sickle,2
Huron,"Sherman Township, Precinct 1",Attorney General,,UST,Gerald T. Van Sickle,6
Huron,"Sigel Township, Precinct 1",Attorney General,,UST,Gerald T. Van Sickle,3
Huron,"Verona Township, Precinct 1",Attorney General,,UST,Gerald T. Van Sickle,1
Huron,"Winsor Township, Precinct 1",Attorney General,,UST,Gerald T. Van Sickle,9
Huron,"City of Bad Axe, Precinct 1",Attorney General,,,Write-In,3
Huron,"City of Caseville, Precinct 1",Attorney General,,,Write-In,0
Huron,"City of Harbor Beach, Precinct 1",Attorney General,,,Write-In,1
Huron,"Bingham Township, Precinct 1",Attorney General,,,Write-In,0
Huron,"Bloomfield Township, Precinct 1",Attorney General,,,Write-In,0
Huron,"Brookfield Township, Precinct 1",Attorney General,,,Write-In,0
Huron,"Caseville Township, Precinct 1",Attorney General,,,Write-In,2
Huron,"Chandler Township, Precinct 1",Attorney General,,,Write-In,0
Huron,"Colfax Township, Precinct 1",Attorney General,,,Write-In,0
Huron,"Dwight Township, Precinct 1",Attorney General,,,Write-In,0
Huron,"Fairhaven Township, Precinct 1",Attorney General,,,Write-In,0
Huron,"Gore Township, Precinct 1",Attorney General,,,Write-In,0
Huron,"Grant Township, Precinct 1",Attorney General,,,Write-In,0
Huron,"Hume Township, Precinct 1",Attorney General,,,Write-In,1
Huron,"Huron Township, Precinct 1",Attorney General,,,Write-In,1
Huron,"Lake Township, Precinct 1",Attorney General,,,Write-In,1
Huron,"Lincoln Township, Precinct 1",Attorney General,,,Write-In,0
Huron,"McKinley Township, Precinct 1",Attorney General,,,Write-In,0
Huron,"Meade Township, Precinct 1",Attorney General,,,Write-In,0
Huron,"Oliver Township, Precinct 1",Attorney General,,,Write-In,0
Huron,"Paris Township, Precinct 1",Attorney General,,,Write-In,0
Huron,"Pointe Aux Barques Township,",Attorney General,,,Write-In,0
Huron,"Port Austin Township, Precinct 1",Attorney General,,,Write-In,0
Huron,"Rubicon Township, Precinct 1",Attorney General,,,Write-In,0
Huron,"Sand Beach Township, Precinct 1",Attorney General,,,Write-In,3
Huron,"Sebewaing Township, Precinct 1",Attorney General,,,Write-In,1
Huron,"Sheridan Township, Precinct 1",Attorney General,,,Write-In,1
Huron,"Sherman Township, Precinct 1",Attorney General,,,Write-In,0
Huron,"Sigel Township, Precinct 1",Attorney General,,,Write-In,0
Huron,"Verona Township, Precinct 1",Attorney General,,,Write-In,0
Huron,"Winsor Township, Precinct 1",Attorney General,,,Write-In,0
Huron,"City of Bad Axe, Precinct 1",U.S. House,9,DEM,Brian Jaye,386
Huron,"City of Caseville, Precinct 1",U.S. House,9,DEM,Brian Jaye,143
Huron,"City of Harbor Beach, Precinct 1",U.S. House,9,DEM,Brian Jaye,241
Huron,"Bingham Township, Precinct 1",U.S. House,9,DEM,Brian Jaye,217
Huron,"Bloomfield Township, Precinct 1",U.S. House,9,DEM,Brian Jaye,26
Huron,"Brookfield Township, Precinct 1",U.S. House,9,DEM,Brian Jaye,59
Huron,"Caseville Township, Precinct 1",U.S. House,9,DEM,Brian Jaye,369
Huron,"Chandler Township, Precinct 1",U.S. House,9,DEM,Brian Jaye,30
Huron,"Colfax Township, Precinct 1",U.S. House,9,DEM,Brian Jaye,182
Huron,"Dwight Township, Precinct 1",U.S. House,9,DEM,Brian Jaye,77
Huron,"Fairhaven Township, Precinct 1",U.S. House,9,DEM,Brian Jaye,98
Huron,"Gore Township, Precinct 1",U.S. House,9,DEM,Brian Jaye,19
Huron,"Grant Township, Precinct 1",U.S. House,9,DEM,Brian Jaye,68
Huron,"Hume Township, Precinct 1",U.S. House,9,DEM,Brian Jaye,130
Huron,"Huron Township, Precinct 1",U.S. House,9,DEM,Brian Jaye,39
Huron,"Lake Township, Precinct 1",U.S. House,9,DEM,Brian Jaye,172
Huron,"Lincoln Township, Precinct 1",U.S. House,9,DEM,Brian Jaye,66
Huron,"McKinley Township, Precinct 1",U.S. House,9,DEM,Brian Jaye,56
Huron,"Meade Township, Precinct 1",U.S. House,9,DEM,Brian Jaye,89
Huron,"Oliver Township, Precinct 1",U.S. House,9,DEM,Brian Jaye,140
Huron,"Paris Township, Precinct 1",U.S. House,9,DEM,Brian Jaye,42
Huron,"Pointe Aux Barques Township, Precinct 1",U.S. House,9,DEM,Brian Jaye,10
Huron,"Port Austin Township, Precinct 1",U.S. House,9,DEM,Brian Jaye,281
Huron,"Rubicon Township, Precinct 1",U.S. House,9,DEM,Brian Jaye,85
Huron,"Sand Beach Township, Precinct 1",U.S. House,9,DEM,Brian Jaye,131
Huron,"Sebewaing Township, Precinct 1",U.S. House,9,DEM,Brian Jaye,270
Huron,"Sheridan Township, Precinct 1",U.S. House,9,DEM,Brian Jaye,62
Huron,"Sherman Township, Precinct 1",U.S. House,9,DEM,Brian Jaye,130
Huron,"Sigel Township, Precinct 1",U.S. House,9,DEM,Brian Jaye,39
Huron,"Verona Township, Precinct 1",U.S. House,9,DEM,Brian Jaye,147
Huron,"Winsor Township, Precinct 1",U.S. House,9,DEM,Brian Jaye,209
Huron,"City of Bad Axe, Precinct 1",U.S. House,9,REP,Lisa McClain,677
Huron,"City of Caseville, Precinct 1",U.S. House,9,REP,Lisa McClain,243
Huron,"City of Harbor Beach, Precinct 1",U.S. House,9,REP,Lisa McClain,385
Huron,"Bingham Township, Precinct 1",U.S. House,9,REP,Lisa McClain,521
Huron,"Bloomfield Township, Precinct 1",U.S. House,9,REP,Lisa McClain,149
Huron,"Brookfield Township, Precinct 1",U.S. House,9,REP,Lisa McClain,235
Huron,"Caseville Township, Precinct 1",U.S. House,9,REP,Lisa McClain,660
Huron,"Chandler Township, Precinct 1",U.S. House,9,REP,Lisa McClain,161
Huron,"Colfax Township, Precinct 1",U.S. House,9,REP,Lisa McClain,543
Huron,"Dwight Township, Precinct 1",U.S. House,9,REP,Lisa McClain,218
Huron,"Fairhaven Township, Precinct 1",U.S. House,9,REP,Lisa McClain,330
Huron,"Gore Township, Precinct 1",U.S. House,9,REP,Lisa McClain,60
Huron,"Grant Township, Precinct 1",U.S. House,9,REP,Lisa McClain,263
Huron,"Hume Township, Precinct 1",U.S. House,9,REP,Lisa McClain,291
Huron,"Huron Township, Precinct 1",U.S. House,9,REP,Lisa McClain,143
Huron,"Lake Township, Precinct 1",U.S. House,9,REP,Lisa McClain,265
Huron,"Lincoln Township, Precinct 1",U.S. House,9,REP,Lisa McClain,241
Huron,"McKinley Township, Precinct 1",U.S. House,9,REP,Lisa McClain,158
Huron,"Meade Township, Precinct 1",U.S. House,9,REP,Lisa McClain,218
Huron,"Oliver Township, Precinct 1",U.S. House,9,REP,Lisa McClain,376
Huron,"Paris Township, Precinct 1",U.S. House,9,REP,Lisa McClain,176
Huron,"Pointe Aux Barques Township, Precinct 1",U.S. House,9,REP,Lisa McClain,8
Huron,"Port Austin Township, Precinct 1",U.S. House,9,REP,Lisa McClain,522
Huron,"Rubicon Township, Precinct 1",U.S. House,9,REP,Lisa McClain,295
Huron,"Sand Beach Township, Precinct 1",U.S. House,9,REP,Lisa McClain,462
Huron,"Sebewaing Township, Precinct 1",U.S. House,9,REP,Lisa McClain,898
Huron,"Sheridan Township, Precinct 1",U.S. House,9,REP,Lisa McClain,192
Huron,"Sherman Township, Precinct 1",U.S. House,9,REP,Lisa McClain,389
Huron,"Sigel Township, Precinct 1",U.S. House,9,REP,Lisa McClain,200
Huron,"Verona Township, Precinct 1",U.S. House,9,REP,Lisa McClain,424
Huron,"Winsor Township, Precinct 1",U.S. House,9,REP,Lisa McClain,587
Huron,"City of Bad Axe, Precinct 1",U.S. House,9,LIB,Jake Kelts,18
Huron,"City of Caseville, Precinct 1",U.S. House,9,LIB,Jake Kelts,4
Huron,"City of Harbor Beach, Precinct 1",U.S. House,9,LIB,Jake Kelts,13
Huron,"Bingham Township, Precinct 1",U.S. House,9,LIB,Jake Kelts,6
Huron,"Bloomfield Township, Precinct 1",U.S. House,9,LIB,Jake Kelts,3
Huron,"Brookfield Township, Precinct 1",U.S. House,9,LIB,Jake Kelts,1
Huron,"Caseville Township, Precinct 1",U.S. House,9,LIB,Jake Kelts,14
Huron,"Chandler Township, Precinct 1",U.S. House,9,LIB,Jake Kelts,1
Huron,"Colfax Township, Precinct 1",U.S. House,9,LIB,Jake Kelts,4
Huron,"Dwight Township, Precinct 1",U.S. House,9,LIB,Jake Kelts,0
Huron,"Fairhaven Township, Precinct 1",U.S. House,9,LIB,Jake Kelts,2
Huron,"Gore Township, Precinct 1",U.S. House,9,LIB,Jake Kelts,0
Huron,"Grant Township, Precinct 1",U.S. House,9,LIB,Jake Kelts,5
Huron,"Hume Township, Precinct 1",U.S. House,9,LIB,Jake Kelts,2
Huron,"Huron Township, Precinct 1",U.S. House,9,LIB,Jake Kelts,3
Huron,"Lake Township, Precinct 1",U.S. House,9,LIB,Jake Kelts,0
Huron,"Lincoln Township, Precinct 1",U.S. House,9,LIB,Jake Kelts,2
Huron,"McKinley Township, Precinct 1",U.S. House,9,LIB,Jake Kelts,4
Huron,"Meade Township, Precinct 1",U.S. House,9,LIB,Jake Kelts,1
Huron,"Oliver Township, Precinct 1",U.S. House,9,LIB,Jake Kelts,7
Huron,"Paris Township, Precinct 1",U.S. House,9,LIB,Jake Kelts,3
Huron,"Pointe Aux Barques Township, Precinct 1",U.S. House,9,LIB,Jake Kelts,0
Huron,"Port Austin Township, Precinct 1",U.S. House,9,LIB,Jake Kelts,5
Huron,"Rubicon Township, Precinct 1",U.S. House,9,LIB,Jake Kelts,2
Huron,"Sand Beach Township, Precinct 1",U.S. House,9,LIB,Jake Kelts,6
Huron,"Sebewaing Township, Precinct 1",U.S. House,9,LIB,Jake Kelts,17
Huron,"Sheridan Township, Precinct 1",U.S. House,9,LIB,Jake Kelts,1
Huron,"Sherman Township, Precinct 1",U.S. House,9,LIB,Jake Kelts,2
Huron,"Sigel Township, Precinct 1",U.S. House,9,LIB,Jake Kelts,0
Huron,"Verona Township, Precinct 1",U.S. House,9,LIB,Jake Kelts,4
Huron,"Winsor Township, Precinct 1",U.S. House,9,LIB,Jake Kelts,17
Huron,"City of Bad Axe, Precinct 1",U.S. House,9,WCP,Jim Walkowicz,29
Huron,"City of Caseville, Precinct 1",U.S. House,9,WCP,Jim Walkowicz,3
Huron,"City of Harbor Beach, Precinct 1",U.S. House,9,WCP,Jim Walkowicz,14
Huron,"Bingham Township, Precinct 1",U.S. House,9,WCP,Jim Walkowicz,21
Huron,"Bloomfield Township, Precinct 1",U.S. House,9,WCP,Jim Walkowicz,0
Huron,"Brookfield Township, Precinct 1",U.S. House,9,WCP,Jim Walkowicz,3
Huron,"Caseville Township, Precinct 1",U.S. House,9,WCP,Jim Walkowicz,14
Huron,"Chandler Township, Precinct 1",U.S. House,9,WCP,Jim Walkowicz,3
Huron,"Colfax Township, Precinct 1",U.S. House,9,WCP,Jim Walkowicz,8
Huron,"Dwight Township, Precinct 1",U.S. House,9,WCP,Jim Walkowicz,6
Huron,"Fairhaven Township, Precinct 1",U.S. House,9,WCP,Jim Walkowicz,7
Huron,"Gore Township, Precinct 1",U.S. House,9,WCP,Jim Walkowicz,0
Huron,"Grant Township, Precinct 1",U.S. House,9,WCP,Jim Walkowicz,6
Huron,"Hume Township, Precinct 1",U.S. House,9,WCP,Jim Walkowicz,5
Huron,"Huron Township, Precinct 1",U.S. House,9,WCP,Jim Walkowicz,1
Huron,"Lake Township, Precinct 1",U.S. House,9,WCP,Jim Walkowicz,10
Huron,"Lincoln Township, Precinct 1",U.S. House,9,WCP,Jim Walkowicz,12
Huron,"McKinley Township, Precinct 1",U.S. House,9,WCP,Jim Walkowicz,2
Huron,"Meade Township, Precinct 1",U.S. House,9,WCP,Jim Walkowicz,5
Huron,"Oliver Township, Precinct 1",U.S. House,9,WCP,Jim Walkowicz,13
Huron,"Paris Township, Precinct 1",U.S. House,9,WCP,Jim Walkowicz,0
Huron,"Pointe Aux Barques Township, Precinct 1",U.S. House,9,WCP,Jim Walkowicz,0
Huron,"Port Austin Township, Precinct 1",U.S. House,9,WCP,Jim Walkowicz,13
Huron,"Rubicon Township, Precinct 1",U.S. House,9,WCP,Jim Walkowicz,5
Huron,"Sand Beach Township, Precinct 1",U.S. House,9,WCP,Jim Walkowicz,6
Huron,"Sebewaing Township, Precinct 1",U.S. House,9,WCP,Jim Walkowicz,26
Huron,"Sheridan Township, Precinct 1",U.S. House,9,WCP,Jim Walkowicz,3
Huron,"Sherman Township, Precinct 1",U.S. House,9,WCP,Jim Walkowicz,8
Huron,"Sigel Township, Precinct 1",U.S. House,9,WCP,Jim Walkowicz,5
Huron,"Verona Township, Precinct 1",U.S. House,9,WCP,Jim Walkowicz,15
Huron,"Winsor Township, Precinct 1",U.S. House,9,WCP,Jim Walkowicz,8
Huron,"City of Bad Axe, Precinct 1",U.S. House,9,,Write-In,3
Huron,"City of Caseville, Precinct 1",U.S. House,9,,Write-In,0
Huron,"City of Harbor Beach, Precinct 1",U.S. House,9,,Write-In,2
Huron,"Bingham Township, Precinct 1",U.S. House,9,,Write-In,1
Huron,"Bloomfield Township, Precinct 1",U.S. House,9,,Write-In,0
Huron,"Brookfield Township, Precinct 1",U.S. House,9,,Write-In,0
Huron,"Caseville Township, Precinct 1",U.S. House,9,,Write-In,2
Huron,"Chandler Township, Precinct 1",U.S. House,9,,Write-In,0
Huron,"Colfax Township, Precinct 1",U.S. House,9,,Write-In,2
Huron,"Dwight Township, Precinct 1",U.S. House,9,,Write-In,0
Huron,"Fairhaven Township, Precinct 1",U.S. House,9,,Write-In,0
Huron,"Gore Township, Precinct 1",U.S. House,9,,Write-In,0
Huron,"Grant Township, Precinct 1",U.S. House,9,,Write-In,0
Huron,"Hume Township, Precinct 1",U.S. House,9,,Write-In,1
Huron,"Huron Township, Precinct 1",U.S. House,9,,Write-In,1
Huron,"Lake Township, Precinct 1",U.S. House,9,,Write-In,2
Huron,"Lincoln Township, Precinct 1",U.S. House,9,,Write-In,0
Huron,"McKinley Township, Precinct 1",U.S. House,9,,Write-In,0
Huron,"Meade Township, Precinct 1",U.S. House,9,,Write-In,0
Huron,"Oliver Township, Precinct 1",U.S. House,9,,Write-In,0
Huron,"Paris Township, Precinct 1",U.S. House,9,,Write-In,0
Huron,"Pointe Aux Barques Township, Precinct 1",U.S. House,9,,Write-In,0
Huron,"Port Austin Township, Precinct 1",U.S. House,9,,Write-In,0
Huron,"Rubicon Township, Precinct 1",U.S. House,9,,Write-In,0
Huron,"Sand Beach Township, Precinct 1",U.S. House,9,,Write-In,1
Huron,"Sebewaing Township, Precinct 1",U.S. House,9,,Write-In,1
Huron,"Sheridan Township, Precinct 1",U.S. House,9,,Write-In,1
Huron,"Sherman Township, Precinct 1",U.S. House,9,,Write-In,0
Huron,"Sigel Township, Precinct 1",U.S. House,9,,Write-In,0
Huron,"Verona Township, Precinct 1",U.S. House,9,,Write-In,0
Huron,"Winsor Township, Precinct 1",U.S. House,9,,Write-In,0
Huron,"City of Bad Axe, Precinct 1",State Senate,25,DEM,Bert Van Dyke,413
Huron,"City of Caseville, Precinct 1",State Senate,25,DEM,Bert Van Dyke,147
Huron,"City of Harbor Beach, Precinct 1",State Senate,25,DEM,Bert Van Dyke,254
Huron,"Bingham Township, Precinct 1",State Senate,25,DEM,Bert Van Dyke,239
Huron,"Bloomfield Township, Precinct 1",State Senate,25,DEM,Bert Van Dyke,29
Huron,"Brookfield Township, Precinct 1",State Senate,25,DEM,Bert Van Dyke,57
Huron,"Caseville Township, Precinct 1",State Senate,25,DEM,Bert Van Dyke,400
Huron,"Chandler Township, Precinct 1",State Senate,25,DEM,Bert Van Dyke,34
Huron,"Colfax Township, Precinct 1",State Senate,25,DEM,Bert Van Dyke,192
Huron,"Dwight Township, Precinct 1",State Senate,25,DEM,Bert Van Dyke,95
Huron,"Fairhaven Township, Precinct 1",State Senate,25,DEM,Bert Van Dyke,111
Huron,"Gore Township, Precinct 1",State Senate,25,DEM,Bert Van Dyke,19
Huron,"Grant Township, Precinct 1",State Senate,25,DEM,Bert Van Dyke,77
Huron,"Hume Township, Precinct 1",State Senate,25,DEM,Bert Van Dyke,131
Huron,"Huron Township, Precinct 1",State Senate,25,DEM,Bert Van Dyke,40
Huron,"Lake Township, Precinct 1",State Senate,25,DEM,Bert Van Dyke,181
Huron,"Lincoln Township, Precinct 1",State Senate,25,DEM,Bert Van Dyke,81
Huron,"McKinley Township, Precinct 1",State Senate,25,DEM,Bert Van Dyke,58
Huron,"Meade Township, Precinct 1",State Senate,25,DEM,Bert Van Dyke,100
Huron,"Oliver Township, Precinct 1",State Senate,25,DEM,Bert Van Dyke,156
Huron,"Paris Township, Precinct 1",State Senate,25,DEM,Bert Van Dyke,49
Huron,"Pointe Aux Barques Township, Precinct 1",State Senate,25,DEM,Bert Van Dyke,10
Huron,"Port Austin Township, Precinct 1",State Senate,25,DEM,Bert Van Dyke,301
Huron,"Rubicon Township, Precinct 1",State Senate,25,DEM,Bert Van Dyke,93
Huron,"Sand Beach Township, Precinct 1",State Senate,25,DEM,Bert Van Dyke,139
Huron,"Sebewaing Township, Precinct 1",State Senate,25,DEM,Bert Van Dyke,308
Huron,"Sheridan Township, Precinct 1",State Senate,25,DEM,Bert Van Dyke,68
Huron,"Sherman Township, Precinct 1",State Senate,25,DEM,Bert Van Dyke,139
Huron,"Sigel Township, Precinct 1",State Senate,25,DEM,Bert Van Dyke,37
Huron,"Verona Township, Precinct 1",State Senate,25,DEM,Bert Van Dyke,161
Huron,"Winsor Township, Precinct 1",State Senate,25,DEM,Bert Van Dyke,229
Huron,"City of Bad Axe, Precinct 1",State Senate,25,REP,Daniel V. Lauwers,663
Huron,"City of Caseville, Precinct 1",State Senate,25,REP,Daniel V. Lauwers,243
Huron,"City of Harbor Beach, Precinct 1",State Senate,25,REP,Daniel V. Lauwers,390
Huron,"Bingham Township, Precinct 1",State Senate,25,REP,Daniel V. Lauwers,508
Huron,"Bloomfield Township, Precinct 1",State Senate,25,REP,Daniel V. Lauwers,147
Huron,"Brookfield Township, Precinct 1",State Senate,25,REP,Daniel V. Lauwers,230
Huron,"Caseville Township, Precinct 1",State Senate,25,REP,Daniel V. Lauwers,639
Huron,"Chandler Township, Precinct 1",State Senate,25,REP,Daniel V. Lauwers,152
Huron,"Colfax Township, Precinct 1",State Senate,25,REP,Daniel V. Lauwers,533
Huron,"Dwight Township, Precinct 1",State Senate,25,REP,Daniel V. Lauwers,193
Huron,"Fairhaven Township, Precinct 1",State Senate,25,REP,Daniel V. Lauwers,316
Huron,"Gore Township, Precinct 1",State Senate,25,REP,Daniel V. Lauwers,56
Huron,"Grant Township, Precinct 1",State Senate,25,REP,Daniel V. Lauwers,260
Huron,"Hume Township, Precinct 1",State Senate,25,REP,Daniel V. Lauwers,290
Huron,"Huron Township, Precinct 1",State Senate,25,REP,Daniel V. Lauwers,139
Huron,"Lake Township, Precinct 1",State Senate,25,REP,Daniel V. Lauwers,260
Huron,"Lincoln Township, Precinct 1",State Senate,25,REP,Daniel V. Lauwers,236
Huron,"McKinley Township, Precinct 1",State Senate,25,REP,Daniel V. Lauwers,156
Huron,"Meade Township, Precinct 1",State Senate,25,REP,Daniel V. Lauwers,204
Huron,"Oliver Township, Precinct 1",State Senate,25,REP,Daniel V. Lauwers,366
Huron,"Paris Township, Precinct 1",State Senate,25,REP,Daniel V. Lauwers,166
Huron,"Pointe Aux Barques Township, Precinct 1",State Senate,25,REP,Daniel V. Lauwers,7
Huron,"Port Austin Township, Precinct 1",State Senate,25,REP,Daniel V. Lauwers,503
Huron,"Rubicon Township, Precinct 1",State Senate,25,REP,Daniel V. Lauwers,288
Huron,"Sand Beach Township, Precinct 1",State Senate,25,REP,Daniel V. Lauwers,460
Huron,"Sebewaing Township, Precinct 1",State Senate,25,REP,Daniel V. Lauwers,880
Huron,"Sheridan Township, Precinct 1",State Senate,25,REP,Daniel V. Lauwers,182
Huron,"Sherman Township, Precinct 1",State Senate,25,REP,Daniel V. Lauwers,379
Huron,"Sigel Township, Precinct 1",State Senate,25,REP,Daniel V. Lauwers,202
Huron,"Verona Township, Precinct 1",State Senate,25,REP,Daniel V. Lauwers,416
Huron,"Winsor Township, Precinct 1",State Senate,25,REP,Daniel V. Lauwers,576
Huron,"City of Bad Axe, Precinct 1",State Senate,25,,Write-In,9
Huron,"City of Caseville, Precinct 1",State Senate,25,,Write-In,0
Huron,"City of Harbor Beach, Precinct 1",State Senate,25,,Write-In,2
Huron,"Bingham Township, Precinct 1",State Senate,25,,Write-In,3
Huron,"Bloomfield Township, Precinct 1",State Senate,25,,Write-In,0
Huron,"Brookfield Township, Precinct 1",State Senate,25,,Write-In,1
Huron,"Caseville Township, Precinct 1",State Senate,25,,Write-In,8
Huron,"Chandler Township, Precinct 1",State Senate,25,,Write-In,3
Huron,"Colfax Township, Precinct 1",State Senate,25,,Write-In,5
Huron,"Dwight Township, Precinct 1",State Senate,25,,Write-In,0
Huron,"Fairhaven Township, Precinct 1",State Senate,25,,Write-In,3
Huron,"Gore Township, Precinct 1",State Senate,25,,Write-In,0
Huron,"Grant Township, Precinct 1",State Senate,25,,Write-In,0
Huron,"Hume Township, Precinct 1",State Senate,25,,Write-In,1
Huron,"Huron Township, Precinct 1",State Senate,25,,Write-In,2
Huron,"Lake Township, Precinct 1",State Senate,25,,Write-In,3
Huron,"Lincoln Township, Precinct 1",State Senate,25,,Write-In,2
Huron,"McKinley Township, Precinct 1",State Senate,25,,Write-In,2
Huron,"Meade Township, Precinct 1",State Senate,25,,Write-In,1
Huron,"Oliver Township, Precinct 1",State Senate,25,,Write-In,2
Huron,"Paris Township, Precinct 1",State Senate,25,,Write-In,2
Huron,"Pointe Aux Barques Township, Precinct 1",State Senate,25,,Write-In,0
Huron,"Port Austin Township, Precinct 1",State Senate,25,,Write-In,3
Huron,"Rubicon Township, Precinct 1",State Senate,25,,Write-In,0
Huron,"Sand Beach Township, Precinct 1",State Senate,25,,Write-In,3
Huron,"Sebewaing Township, Precinct 1",State Senate,25,,Write-In,5
Huron,"Sheridan Township, Precinct 1",State Senate,25,,Write-In,2
Huron,"Sherman Township, Precinct 1",State Senate,25,,Write-In,1
Huron,"Sigel Township, Precinct 1",State Senate,25,,Write-In,1
Huron,"Verona Township, Precinct 1",State Senate,25,,Write-In,2
Huron,"Winsor Township, Precinct 1",State Senate,25,,Write-In,3
Huron,"City of Bad Axe, Precinct 1",State House,98,DEM,Robert Mroczek,433
Huron,"City of Caseville, Precinct 1",State House,98,DEM,Robert Mroczek,153
Huron,"City of Harbor Beach, Precinct 1",State House,98,DEM,Robert Mroczek,259
Huron,"Bingham Township, Precinct 1",State House,98,DEM,Robert Mroczek,253
Huron,"Bloomfield Township, Precinct 1",State House,98,DEM,Robert Mroczek,26
Huron,"Brookfield Township, Precinct 1",State House,98,DEM,Robert Mroczek,57
Huron,"Caseville Township, Precinct 1",State House,98,DEM,Robert Mroczek,398
Huron,"Chandler Township, Precinct 1",State House,98,DEM,Robert Mroczek,32
Huron,"Colfax Township, Precinct 1",State House,98,DEM,Robert Mroczek,190
Huron,"Dwight Township, Precinct 1",State House,98,DEM,Robert Mroczek,110
Huron,"Fairhaven Township, Precinct 1",State House,98,DEM,Robert Mroczek,112
Huron,"Gore Township, Precinct 1",State House,98,DEM,Robert Mroczek,18
Huron,"Grant Township, Precinct 1",State House,98,DEM,Robert Mroczek,78
Huron,"Hume Township, Precinct 1",State House,98,DEM,Robert Mroczek,147
Huron,"Huron Township, Precinct 1",State House,98,DEM,Robert Mroczek,44
Huron,"Lake Township, Precinct 1",State House,98,DEM,Robert Mroczek,180
Huron,"Lincoln Township, Precinct 1",State House,98,DEM,Robert Mroczek,92
Huron,"McKinley Township, Precinct 1",State House,98,DEM,Robert Mroczek,62
Huron,"Meade Township, Precinct 1",State House,98,DEM,Robert Mroczek,111
Huron,"Oliver Township, Precinct 1",State House,98,DEM,Robert Mroczek,152
Huron,"Paris Township, Precinct 1",State House,98,DEM,Robert Mroczek,47
Huron,"Pointe Aux Barques Township, Precinct 1",State House,98,DEM,Robert Mroczek,10
Huron,"Port Austin Township, Precinct 1",State House,98,DEM,Robert Mroczek,308
Huron,"Rubicon Township, Precinct 1",State House,98,DEM,Robert Mroczek,90
Huron,"Sand Beach Township, Precinct 1",State House,98,DEM,Robert Mroczek,133
Huron,"Sebewaing Township, Precinct 1",State House,98,DEM,Robert Mroczek,292
Huron,"Sheridan Township, Precinct 1",State House,98,DEM,Robert Mroczek,68
Huron,"Sherman Township, Precinct 1",State House,98,DEM,Robert Mroczek,142
Huron,"Sigel Township, Precinct 1",State House,98,DEM,Robert Mroczek,38
Huron,"Verona Township, Precinct 1",State House,98,DEM,Robert Mroczek,168
Huron,"Winsor Township, Precinct 1",State House,98,DEM,Robert Mroczek,213
Huron,"City of Bad Axe, Precinct 1",State House,98,REP,Gregory L. Alexander,664
Huron,"City of Caseville, Precinct 1",State House,98,REP,Gregory L. Alexander,235
Huron,"City of Harbor Beach, Precinct 1",State House,98,REP,Gregory L. Alexander,387
Huron,"Bingham Township, Precinct 1",State House,98,REP,Gregory L. Alexander,487
Huron,"Bloomfield Township, Precinct 1",State House,98,REP,Gregory L. Alexander,144
Huron,"Brookfield Township, Precinct 1",State House,98,REP,Gregory L. Alexander,227
Huron,"Caseville Township, Precinct 1",State House,98,REP,Gregory L. Alexander,644
Huron,"Chandler Township, Precinct 1",State House,98,REP,Gregory L. Alexander,155
Huron,"Colfax Township, Precinct 1",State House,98,REP,Gregory L. Alexander,539
Huron,"Dwight Township, Precinct 1",State House,98,REP,Gregory L. Alexander,187
Huron,"Fairhaven Township, Precinct 1",State House,98,REP,Gregory L. Alexander,319
Huron,"Gore Township, Precinct 1",State House,98,REP,Gregory L. Alexander,55
Huron,"Grant Township, Precinct 1",State House,98,REP,Gregory L. Alexander,258
Huron,"Hume Township, Precinct 1",State House,98,REP,Gregory L. Alexander,273
Huron,"Huron Township, Precinct 1",State House,98,REP,Gregory L. Alexander,138
Huron,"Lake Township, Precinct 1",State House,98,REP,Gregory L. Alexander,258
Huron,"Lincoln Township, Precinct 1",State House,98,REP,Gregory L. Alexander,225
Huron,"McKinley Township, Precinct 1",State House,98,REP,Gregory L. Alexander,155
Huron,"Meade Township, Precinct 1",State House,98,REP,Gregory L. Alexander,196
Huron,"Oliver Township, Precinct 1",State House,98,REP,Gregory L. Alexander,375
Huron,"Paris Township, Precinct 1",State House,98,REP,Gregory L. Alexander,171
Huron,"Pointe Aux Barques Township, Precinct 1",State House,98,REP,Gregory L. Alexander,7
Huron,"Port Austin Township, Precinct 1",State House,98,REP,Gregory L. Alexander,492
Huron,"Rubicon Township, Precinct 1",State House,98,REP,Gregory L. Alexander,291
Huron,"Sand Beach Township, Precinct 1",State House,98,REP,Gregory L. Alexander,464
Huron,"Sebewaing Township, Precinct 1",State House,98,REP,Gregory L. Alexander,902
Huron,"Sheridan Township, Precinct 1",State House,98,REP,Gregory L. Alexander,185
Huron,"Sherman Township, Precinct 1",State House,98,REP,Gregory L. Alexander,380
Huron,"Sigel Township, Precinct 1",State House,98,REP,Gregory L. Alexander,201
Huron,"Verona Township, Precinct 1",State House,98,REP,Gregory L. Alexander,413
Huron,"Winsor Township, Precinct 1",State House,98,REP,Gregory L. Alexander,597
Huron,"City of Bad Axe, Precinct 1",State House,98,,Write-In,6
Huron,"City of Caseville, Precinct 1",State House,98,,Write-In,0
Huron,"City of Harbor Beach, Precinct 1",State House,98,,Write-In,3
Huron,"Bingham Township, Precinct 1",State House,98,,Write-In,5
Huron,"Bloomfield Township, Precinct 1",State House,98,,Write-In,3
Huron,"Brookfield Township, Precinct 1",State House,98,,Write-In,1
Huron,"Caseville Township, Precinct 1",State House,98,,Write-In,5
Huron,"Chandler Township, Precinct 1",State House,98,,Write-In,0
Huron,"Colfax Township, Precinct 1",State House,98,,Write-In,2
Huron,"Dwight Township, Precinct 1",State House,98,,Write-In,0
Huron,"Fairhaven Township, Precinct 1",State House,98,,Write-In,2
Huron,"Gore Township, Precinct 1",State House,98,,Write-In,1
Huron,"Grant Township, Precinct 1",State House,98,,Write-In,0
Huron,"Hume Township, Precinct 1",State House,98,,Write-In,1
Huron,"Huron Township, Precinct 1",State House,98,,Write-In,3
Huron,"Lake Township, Precinct 1",State House,98,,Write-In,4
Huron,"Lincoln Township, Precinct 1",State House,98,,Write-In,1
Huron,"McKinley Township, Precinct 1",State House,98,,Write-In,0
Huron,"Meade Township, Precinct 1",State House,98,,Write-In,1
Huron,"Oliver Township, Precinct 1",State House,98,,Write-In,1
Huron,"Paris Township, Precinct 1",State House,98,,Write-In,0
Huron,"Pointe Aux Barques Township, Precinct 1",State House,98,,Write-In,0
Huron,"Port Austin Township, Precinct 1",State House,98,,Write-In,2
Huron,"Rubicon Township, Precinct 1",State House,98,,Write-In,0
Huron,"Sand Beach Township, Precinct 1",State House,98,,Write-In,3
Huron,"Sebewaing Township, Precinct 1",State House,98,,Write-In,5
Huron,"Sheridan Township, Precinct 1",State House,98,,Write-In,1
Huron,"Sherman Township, Precinct 1",State House,98,,Write-In,3
Huron,"Sigel Township, Precinct 1",State House,98,,Write-In,0
Huron,"Verona Township, Precinct 1",State House,98,,Write-In,6
Huron,"Winsor Township, Precinct 1",State House,98,,Write-In,0
Huron,"City of Bad Axe, Precinct 1",Proposal 22-3,,,Yes,519
Huron,"City of Caseville, Precinct 1",Proposal 22-3,,,Yes,202
Huron,"City of Harbor Beach, Precinct 1",Proposal 22-3,,,Yes,290
Huron,"Bingham Township, Precinct 1",Proposal 22-3,,,Yes,303
Huron,"Bloomfield Township, Precinct 1",Proposal 22-3,,,Yes,45
Huron,"Brookfield Township, Precinct 1",Proposal 22-3,,,Yes,80
Huron,"Caseville Township, Precinct 1",Proposal 22-3,,,Yes,507
Huron,"Chandler Township, Precinct 1",Proposal 22-3,,,Yes,45
Huron,"Colfax Township, Precinct 1",Proposal 22-3,,,Yes,236
Huron,"Dwight Township, Precinct 1",Proposal 22-3,,,Yes,116
Huron,"Fairhaven Township, Precinct 1",Proposal 22-3,,,Yes,143
Huron,"Gore Township, Precinct 1",Proposal 22-3,,,Yes,26
Huron,"Grant Township, Precinct 1",Proposal 22-3,,,Yes,103
Huron,"Hume Township, Precinct 1",Proposal 22-3,,,Yes,160
Huron,"Huron Township, Precinct 1",Proposal 22-3,,,Yes,61
Huron,"Lake Township, Precinct 1",Proposal 22-3,,,Yes,239
Huron,"Lincoln Township, Precinct 1",Proposal 22-3,,,Yes,100
Huron,"McKinley Township, Precinct 1",Proposal 22-3,,,Yes,75
Huron,"Meade Township, Precinct 1",Proposal 22-3,,,Yes,117
Huron,"Oliver Township, Precinct 1",Proposal 22-3,,,Yes,212
Huron,"Paris Township, Precinct 1",Proposal 22-3,,,Yes,48
Huron,"Pointe Aux Barques Township, Precinct 1",Proposal 22-3,,,Yes,12
Huron,"Port Austin Township, Precinct 1",Proposal 22-3,,,Yes,344
Huron,"Rubicon Township, Precinct 1",Proposal 22-3,,,Yes,120
Huron,"Sand Beach Township, Precinct 1",Proposal 22-3,,,Yes,171
Huron,"Sebewaing Township, Precinct 1",Proposal 22-3,,,Yes,403
Huron,"Sheridan Township, Precinct 1",Proposal 22-3,,,Yes,67
Huron,"Sherman Township, Precinct 1",Proposal 22-3,,,Yes,149
Huron,"Sigel Township, Precinct 1",Proposal 22-3,,,Yes,35
Huron,"Verona Township, Precinct 1",Proposal 22-3,,,Yes,217
Huron,"Winsor Township, Precinct 1",Proposal 22-3,,,Yes,293
Huron,"City of Bad Axe, Precinct 1",Proposal 22-3,,,No,606
Huron,"City of Caseville, Precinct 1",Proposal 22-3,,,No,195
Huron,"City of Harbor Beach, Precinct 1",Proposal 22-3,,,No,359
Huron,"Bingham Township, Precinct 1",Proposal 22-3,,,No,463
Huron,"Bloomfield Township, Precinct 1",Proposal 22-3,,,No,134
Huron,"Brookfield Township, Precinct 1",Proposal 22-3,,,No,212
Huron,"Caseville Township, Precinct 1",Proposal 22-3,,,No,558
Huron,"Chandler Township, Precinct 1",Proposal 22-3,,,No,143
Huron,"Colfax Township, Precinct 1",Proposal 22-3,,,No,483
Huron,"Dwight Township, Precinct 1",Proposal 22-3,,,No,188
Huron,"Fairhaven Township, Precinct 1",Proposal 22-3,,,No,291
Huron,"Gore Township, Precinct 1",Proposal 22-3,,,No,54
Huron,"Grant Township, Precinct 1",Proposal 22-3,,,No,225
Huron,"Hume Township, Precinct 1",Proposal 22-3,,,No,261
Huron,"Huron Township, Precinct 1",Proposal 22-3,,,No,123
Huron,"Lake Township, Precinct 1",Proposal 22-3,,,No,208
Huron,"Lincoln Township, Precinct 1",Proposal 22-3,,,No,225
Huron,"McKinley Township, Precinct 1",Proposal 22-3,,,No,135
Huron,"Meade Township, Precinct 1",Proposal 22-3,,,No,195
Huron,"Oliver Township, Precinct 1",Proposal 22-3,,,No,327
Huron,"Paris Township, Precinct 1",Proposal 22-3,,,No,166
Huron,"Pointe Aux Barques Township, Precinct 1",Proposal 22-3,,,No,6
Huron,"Port Austin Township, Precinct 1",Proposal 22-3,,,No,454
Huron,"Rubicon Township, Precinct 1",Proposal 22-3,,,No,254
Huron,"Sand Beach Township, Precinct 1",Proposal 22-3,,,No,446
Huron,"Sebewaing Township, Precinct 1",Proposal 22-3,,,No,796
Huron,"Sheridan Township, Precinct 1",Proposal 22-3,,,No,188
Huron,"Sherman Township, Precinct 1",Proposal 22-3,,,No,390
Huron,"Sigel Township, Precinct 1",Proposal 22-3,,,No,206
Huron,"Verona Township, Precinct 1",Proposal 22-3,,,No,375
Huron,"Winsor Township, Precinct 1",Proposal 22-3,,,No,531
